0.000000,0.000000
0.002902,0.000000
0.005805,0.000000
0.008707,0.000000
0.011610,0.000000
0.014512,0.000000
0.017415,0.000000
0.020317,0.000000
0.023220,0.000000
0.026122,0.000000
0.029025,0.000000
0.031927,0.000000
0.034830,0.000000
0.037732,0.000000
0.040635,0.000000
0.043537,0.000000
0.046440,0.000000
0.049342,0.000000
0.052245,0.000000
0.055147,0.000000
0.058050,0.000000
0.060952,0.000000
0.063855,0.000000
0.066757,0.000000
0.069660,0.000000
0.072562,0.000000
0.075465,0.000000
0.078367,0.000000
0.081270,0.000000
0.084172,0.000000
0.087075,0.000000
0.089977,0.000000
0.092880,0.000000
0.095782,0.000000
0.098685,0.000000
0.101587,0.000000
0.104490,0.000000
0.107392,0.000000
0.110295,0.000000
0.113197,0.000000
0.116100,0.000000
0.119002,0.000000
0.121905,0.000000
0.124807,0.000000
0.127710,0.000000
0.130612,0.000000
0.133515,0.000000
0.136417,0.000000
0.139320,0.000000
0.142222,0.000000
0.145125,0.000000
0.148027,0.000000
0.150930,0.000000
0.153832,0.000000
0.156735,0.000000
0.159637,0.000000
0.162540,0.000000
0.165442,300.426076
0.168345,300.422125
0.171247,300.403108
0.174150,300.369709
0.177052,300.320737
0.179955,300.255456
0.182857,300.176730
0.185760,300.088285
0.188662,299.987908
0.191565,299.884504
0.194467,299.775412
0.197370,299.665834
0.200272,299.556352
0.203175,299.447645
0.206077,299.340067
0.208980,299.233740
0.211882,299.128963
0.214785,299.024584
0.217687,298.920245
0.220590,298.815707
0.223492,298.710411
0.226395,298.604397
0.229297,298.497819
0.232200,298.390854
0.235102,298.283846
0.238005,298.176787
0.240907,298.071819
0.243810,297.968457
0.246712,297.868013
0.249615,297.771392
0.252517,297.678461
0.255420,297.589047
0.258322,297.507250
0.261224,297.427765
0.264127,297.354498
0.267029,297.285474
0.269932,297.220497
0.272834,297.160503
0.275737,297.105806
0.278639,297.053413
0.281542,297.010771
0.284444,296.970558
0.287347,296.935244
0.290249,296.904392
0.293152,296.876823
0.296054,296.852006
0.298957,296.830162
0.301859,296.809076
0.304762,296.788913
0.307664,296.768630
0.310567,296.747911
0.313469,296.726181
0.316372,296.702907
0.319274,296.678815
0.322177,296.650305
0.325079,296.620385
0.327982,296.587096
0.330884,296.550216
0.333787,296.510086
0.336689,296.466526
0.339592,296.418151
0.342494,296.367903
0.345397,296.312739
0.348299,296.255445
0.351202,296.195875
0.354104,296.134003
0.357007,296.070417
0.359909,296.005726
0.362812,295.939357
0.365714,295.873137
0.368617,295.807320
0.371519,295.742560
0.374422,295.679121
0.377324,295.617475
0.380227,295.559420
0.383129,295.503115
0.386032,295.452149
0.388934,295.404379
0.391837,295.360159
0.394739,295.320495
0.397642,295.285468
0.400544,295.252854
0.403447,295.230076
0.406349,295.209401
0.409252,295.193274
0.412154,295.180587
0.415057,295.170083
0.417959,295.161405
0.420862,295.154305
0.423764,295.147412
0.426667,295.140061
0.429569,295.131767
0.432472,295.122213
0.435374,295.110822
0.438277,295.097202
0.441179,295.082552
0.444082,295.063965
0.446984,295.044807
0.449887,295.024544
0.452789,295.003493
0.455692,294.982047
0.458594,294.960264
0.461497,294.937966
0.464399,294.915617
0.467302,294.893221
0.470204,294.871106
0.473107,294.849431
0.476009,294.828647
0.478912,294.809307
0.481814,294.790643
0.484717,294.775184
0.487619,294.760674
0.490522,294.747847
0.493424,294.736661
0.496327,294.726669
0.499229,294.717512
0.502132,294.709324
0.505034,294.701259
0.507937,294.693185
0.510839,294.685105
0.513741,294.677071
0.516644,294.669264
0.519546,294.661959
0.522449,294.654867
0.525351,294.647869
0.528254,294.640605
0.531156,294.632903
0.534059,294.624543
0.536961,294.615479
0.539864,294.605937
0.542766,294.595012
0.545669,294.583664
0.548571,294.571356
0.551474,294.558371
0.554376,294.544899
0.557279,294.531173
0.560181,294.517808
0.563084,294.504691
0.565986,294.492766
0.568889,294.481377
0.571791,294.470618
0.574694,294.460612
0.577596,294.451286
0.580499,294.442357
0.583401,294.435058
0.586304,294.428225
0.589206,294.422399
0.592109,294.417458
0.595011,294.413200
0.597914,294.409560
0.600816,294.406591
0.603719,294.403830
0.606621,294.401068
0.609524,294.397931
0.612426,294.394206
0.615329,294.389470
0.618231,294.383313
0.621134,294.376461
0.624036,294.366902
0.626939,294.356905
0.629841,294.346102
0.632744,294.334732
0.635646,294.323126
0.638549,294.311301
0.641451,294.299061
0.644354,294.286649
0.647256,294.273797
0.650159,294.260726
0.653061,294.247494
0.655964,294.234110
0.658866,294.220669
0.661769,294.207229
0.664671,294.193906
0.667574,294.181059
0.670476,294.168985
0.673379,294.158250
0.676281,294.149098
0.679184,294.141047
0.682086,294.137060
0.684989,294.134501
0.687891,294.135193
0.690794,294.139630
0.693696,294.147664
0.696599,294.160892
0.699501,294.185175
0.702404,294.214815
0.705306,294.261079
0.708209,294.318461
0.711111,294.388393
0.714014,294.475251
0.716916,294.580570
0.719819,294.694509
0.722721,294.850255
0.725624,295.017364
0.728526,295.209664
0.731429,295.427435
0.734331,295.666891
0.737234,295.927663
0.740136,296.215684
0.743039,296.521856
0.745941,296.853833
0.748844,297.198307
0.751746,297.550889
0.754649,297.910689
0.757551,298.272421
0.760454,298.633110
0.763356,298.985558
0.766259,299.327859
0.769161,299.658486
0.772063,299.973661
0.774966,300.272278
0.777868,300.563957
0.780771,300.813495
0.783673,301.038690
0.786576,301.220675
0.789478,301.348647
0.792381,301.424552
0.795283,301.447898
0.798186,301.374615
0.801088,301.267828
0.803991,301.065897
0.806893,300.819287
0.809796,300.522034
0.812698,300.178663
0.815601,299.806441
0.818503,299.416001
0.821406,299.014922
0.824308,298.616650
0.827211,298.236823
0.830113,297.879488
0.833016,297.546046
0.835918,297.242923
0.838821,296.988347
0.841723,296.757881
0.844626,296.586480
0.847528,296.446354
0.850431,296.333540
0.853333,296.250887
0.856236,296.196904
0.859138,296.156177
0.862041,296.140579
0.864943,296.132059
0.867846,296.129263
0.870748,296.130337
0.873651,296.130930
0.876553,296.131008
0.879456,296.120161
0.882358,296.104202
0.885261,296.080271
0.888163,296.047619
0.891066,296.007830
0.893968,295.963346
0.896871,295.909220
0.899773,295.853144
0.902676,295.793773
0.905578,295.732754
0.908481,295.671266
0.911383,295.609614
0.914286,295.549162
0.917188,295.489840
0.920091,295.434102
0.922993,295.381538
0.925896,295.332433
0.928798,295.287881
0.931701,295.248643
0.934603,295.211813
0.937506,295.183661
0.940408,295.157725
0.943311,295.135522
0.946213,295.116809
0.949116,295.100575
0.952018,295.086335
0.954921,295.075426
0.957823,295.065286
0.960726,295.056695
0.963628,295.048861
0.966531,295.041541
0.969433,295.034649
0.972336,295.027889
0.975238,295.021128
0.978141,295.013706
0.981043,295.005718
0.983946,294.996838
0.986848,294.986681
0.989751,294.975221
0.992653,294.962792
0.995556,294.948022
0.998458,294.932699
1.001361,294.916304
1.004263,294.899647
1.007166,294.883087
1.010068,294.866974
1.012971,294.852092
1.015873,294.837742
1.018776,294.825707
1.021678,294.814763
1.024580,294.805208
1.027483,294.797540
1.030385,294.791803
1.033288,294.787345
1.036190,294.786615
1.039093,294.786852
1.041995,294.789261
1.044898,294.793415
1.047800,294.798889
1.050703,294.805691
1.053605,294.814137
1.056508,294.823191
1.059410,294.833424
1.062313,294.843625
1.065215,294.853509
1.068118,294.862404
1.071020,294.869687
1.073923,294.876099
1.076825,294.879258
1.079728,294.881729
1.082630,294.882691
1.085533,294.882320
1.088435,294.880942
1.091338,294.878618
1.094240,294.875063
1.097143,294.871144
1.100045,294.866590
1.102948,294.861880
1.105850,294.857101
1.108753,294.852150
1.111655,294.846930
1.114558,294.841581
1.117460,294.834800
1.120363,294.827581
1.123265,294.819483
1.126168,294.810822
1.129070,294.801927
1.131973,294.793036
1.134875,294.785078
1.137778,294.777657
1.140680,294.771681
1.143583,294.766612
1.146485,294.762354
1.149388,294.759160
1.152290,294.757237
1.155193,294.755880
1.158095,294.756883
1.160998,294.758640
1.163900,294.761644
1.166803,294.765937
1.169705,294.771251
1.172608,294.777380
1.175510,294.784894
1.178413,294.792630
1.181315,294.800561
1.184218,294.808307
1.187120,294.815718
1.190023,294.822519
1.192925,294.828230
1.195828,294.833399
1.198730,294.836219
1.201633,294.837925
1.204535,294.837975
1.207438,294.835750
1.210340,294.831264
1.213243,294.825067
1.216145,294.814282
1.219048,294.802227
1.221950,294.787420
1.224853,294.770910
1.227755,294.753264
1.230658,294.734786
1.233560,294.716161
1.236463,294.697658
1.239365,294.681165
1.242268,294.666208
1.245170,294.653468
1.248073,294.644049
1.250975,294.638248
1.253878,294.634893
1.256780,294.640316
1.259683,294.648566
1.262585,294.663274
1.265488,294.683935
1.268390,294.709609
1.271293,294.740788
1.274195,294.780136
1.277098,294.822888
1.280000,294.874967
1.282902,294.932667
1.285805,294.996701
1.288707,295.068576
1.291610,295.148095
1.294512,295.231685
1.297415,295.332383
1.300317,295.438232
1.303220,295.555933
1.306122,295.686162
1.309025,295.827519
1.311927,295.980854
1.314830,296.152761
1.317732,296.339514
1.320635,296.557206
1.323537,296.792454
1.326440,297.041967
1.329342,297.307794
1.332245,297.592875
1.335147,297.879865
1.338050,298.172755
1.340952,298.457086
1.343855,298.733364
1.346757,299.002928
1.349660,299.265729
1.352562,299.524861
1.355465,299.775154
1.358367,300.023575
1.361270,300.265660
1.364172,300.497071
1.367075,300.717277
1.369977,300.923060
1.372880,301.113628
1.375782,301.288361
1.378685,301.430213
1.381587,301.561263
1.384490,301.645081
1.387392,301.709055
1.390295,301.741452
1.393197,301.737613
1.396100,301.700906
1.399002,301.629296
1.401905,301.508525
1.404807,301.370629
1.407710,301.155748
1.410612,300.917462
1.413515,300.632360
1.416417,300.310696
1.419320,299.961299
1.422222,299.586525
1.425125,299.193937
1.428027,298.793028
1.430930,298.397535
1.433832,298.008784
1.436735,297.648815
1.439637,297.314932
1.442540,297.009455
1.445442,296.741326
1.448345,296.515636
1.451247,296.309200
1.454150,296.178768
1.457052,296.065374
1.459955,295.985114
1.462857,295.934521
1.465760,295.904802
1.468662,295.892069
1.471565,295.899532
1.474467,295.911406
1.477370,295.928320
1.480272,295.944446
1.483175,295.957675
1.486077,295.965135
1.488980,295.962997
1.491882,295.956440
1.494785,295.929469
1.497687,295.896262
1.500590,295.852645
1.503492,295.799135
1.506395,295.738471
1.509297,295.672659
1.512200,295.602140
1.515102,295.531272
1.518005,295.461172
1.520907,295.393055
1.523810,295.327485
1.526712,295.265619
1.529615,295.208957
1.532517,295.154614
1.535420,295.109448
1.538322,295.067530
1.541224,295.030617
1.544127,294.998527
1.547029,294.969902
1.549932,294.943830
1.552834,294.921590
1.555737,294.900206
1.558639,294.880406
1.561542,294.861758
1.564444,294.844088
1.567347,294.827964
1.570249,294.814446
1.573152,294.802170
1.576054,294.795038
1.578957,294.789514
1.581859,294.785873
1.584762,294.783397
1.587664,294.781022
1.590567,294.778621
1.593469,294.774578
1.596372,294.770139
1.599274,294.764802
1.602177,294.758995
1.605079,294.752960
1.607982,294.746675
1.610884,294.740122
1.613787,294.733495
1.616689,294.726573
1.619592,294.719516
1.622494,294.712265
1.625397,294.704566
1.628299,294.696241
1.631202,294.687536
1.634104,294.677045
1.637007,294.666198
1.639909,294.654592
1.642812,294.642562
1.645714,294.630378
1.648617,294.618247
1.651519,294.606830
1.654422,294.595932
1.657324,294.586709
1.660227,294.578857
1.663129,294.572498
1.666032,294.568087
1.668934,294.565845
1.671837,294.564594
1.674739,294.567042
1.677642,294.570290
1.680544,294.575071
1.683447,294.581172
1.686349,294.588148
1.689252,294.595805
1.692154,294.604231
1.695057,294.612910
1.697959,294.622284
1.700862,294.632241
1.703764,294.642787
1.706667,294.654095
1.709569,294.666340
1.712472,294.679023
1.715374,294.692892
1.718277,294.707009
1.721179,294.721432
1.724082,294.736099
1.726984,294.750914
1.729887,294.765873
1.732789,294.781094
1.735692,294.796365
1.738594,294.811563
1.741497,294.826429
1.744399,294.840874
1.747302,294.854692
1.750204,294.867477
1.753107,294.879809
1.756009,294.890285
1.758912,294.899934
1.761814,294.908447
1.764717,294.915634
1.767619,294.921668
1.770522,294.926880
1.773424,294.929885
1.776327,294.932412
1.779229,294.933920
1.782132,294.935065
1.785034,294.936178
1.787937,294.937432
1.790839,294.939192
1.793741,294.941074
1.796644,294.942743
1.799546,294.943754
1.802449,294.943735
1.805351,294.942376
1.808254,294.939709
1.811156,294.936267
1.814059,294.931747
1.816961,294.927484
1.819864,294.924183
1.822766,294.922473
1.825669,294.922579
1.828571,294.925162
1.831474,294.931947
1.834376,294.940561
1.837279,294.954850
1.840181,294.971007
1.843084,294.988943
1.845986,295.007949
1.848889,295.026887
1.851791,295.045634
1.854694,295.060454
1.857596,295.073650
1.860499,295.082957
1.863401,295.088675
1.866304,295.091379
1.869206,295.090889
1.872109,295.086074
1.875011,295.079773
1.877914,295.070679
1.880816,295.061072
1.883719,295.051329
1.886621,295.042900
1.889524,295.037237
1.892426,295.033357
1.895329,295.041127
1.898231,295.053037
1.901134,295.074504
1.904036,295.105900
1.906939,295.146136
1.909841,295.195701
1.912744,295.258638
1.915646,295.326718
1.918549,295.407764
1.921451,295.495403
1.924354,295.590330
1.927256,295.694970
1.930159,295.809594
1.933061,295.930420
1.935964,296.077170
1.938866,296.231407
1.941769,296.405284
1.944671,296.601025
1.947574,296.816676
1.950476,297.049363
1.953379,297.304456
1.956281,297.565864
1.959184,297.838918
1.962086,298.115051
1.964989,298.392031
1.967891,298.669319
1.970794,298.943248
1.973696,299.219430
1.976599,299.494249
1.979501,299.760471
1.982404,300.015728
1.985306,300.253288
1.988209,300.468873
1.991111,300.668690
1.994014,300.808351
1.996916,300.927084
1.999819,300.987703
2.002721,301.000933
2.005624,300.968106
2.008526,300.878722
2.011429,300.730680
2.014331,300.551096
2.017234,300.263803
2.020136,299.959874
2.023039,299.594770
2.025941,299.208169
2.028844,298.801286
2.031746,298.380162
2.034649,297.954230
2.037551,297.531569
2.040454,297.127330
2.043356,296.727852
2.046259,296.384850
2.049161,296.057585
2.052063,295.770750
2.054966,295.524420
2.057868,295.312898
2.060771,295.137697
2.063673,295.008519
2.066576,294.896321
2.069478,294.830548
2.072381,294.780326
2.075283,294.747807
2.078186,294.731506
2.081088,294.725438
2.083991,294.725550
2.086893,294.732078
2.089796,294.738229
2.092698,294.742313
2.095601,294.743804
2.098503,294.742666
2.101406,294.738834
2.104308,294.731962
2.107211,294.723979
2.110113,294.713805
2.113016,294.702766
2.115918,294.690790
2.118821,294.677686
2.121723,294.663551
2.124626,294.648794
2.127528,294.631531
2.130431,294.613753
2.133333,294.594837
2.136236,294.575274
2.139138,294.555495
2.142041,294.535825
2.144943,294.517127
2.147846,294.499025
2.150748,294.483050
2.153651,294.468587
2.156553,294.455740
2.159456,294.444835
2.162358,294.435872
2.165261,294.427796
2.168163,294.421781
2.171066,294.415960
2.173968,294.410441
2.176871,294.405037
2.179773,294.399584
2.182676,294.394147
2.185578,294.388962
2.188481,294.384124
2.191383,294.380338
2.194286,294.377986
2.197188,294.377235
2.200091,294.379303
2.202993,294.386339
2.205896,294.395876
2.208798,294.417025
2.211701,294.444657
2.214603,294.481871
2.217506,294.532616
2.220408,294.597250
2.223311,294.672712
2.226213,294.783722
2.229116,294.907892
2.232018,295.063932
2.234921,295.250367
2.237823,295.464922
2.240726,295.709766
2.243628,295.990319
2.246531,296.285449
2.249433,296.602471
2.252336,296.905487
2.255238,297.186046
2.258141,297.418356
2.261043,297.571957
2.263946,297.675528
2.266848,297.502148
2.269751,297.164906
2.272653,296.590155
2.275556,295.686724
2.278458,294.449751
2.281361,292.998626
2.284263,290.912129
2.287166,288.675805
2.290068,286.157725
2.292971,283.397549
2.295873,280.467286
2.298776,277.472230
2.301678,275.258031
2.304580,272.928213
2.307483,270.496360
2.310385,268.444154
2.313288,267.202531
2.316190,266.318451
2.319093,265.668097
2.321995,265.237322
2.324898,265.040200
2.327800,264.926531
2.330703,264.915033
2.333605,264.959776
2.336508,265.035184
2.339410,265.131748
2.342313,265.231180
2.345215,265.317218
2.348118,265.388353
2.351020,265.444413
2.353923,265.458634
2.356825,265.460197
2.359728,265.447504
2.362630,265.420229
2.365533,265.378281
2.368435,265.332149
2.371338,265.283299
2.374240,265.234079
2.377143,265.187542
2.380045,265.143873
2.382948,265.104387
2.385850,265.068500
2.388753,265.035659
2.391655,265.005640
2.394558,264.980966
2.397460,264.960418
2.400363,264.943571
2.403265,264.930187
2.406168,264.925263
2.409070,264.923413
2.411973,264.924099
2.414875,264.927158
2.417778,264.931641
2.420680,264.934736
2.423583,264.936268
2.426485,264.935783
2.429388,264.930855
2.432290,264.924140
2.435193,264.915531
2.438095,264.904931
2.440998,264.892182
2.443900,264.878490
2.446803,264.864016
2.449705,264.849071
2.452608,264.834056
2.455510,264.819431
2.458413,264.805809
2.461315,264.794007
2.464218,264.784539
2.467120,264.777597
2.470023,264.776560
2.472925,264.780206
2.475828,264.788028
2.478730,264.799648
2.481633,264.819066
2.484535,264.840830
2.487438,264.864250
2.490340,264.889203
2.493243,264.915927
2.496145,264.944245
2.499048,264.974275
2.501950,265.006778
2.504853,265.047492
2.507755,265.092722
2.510658,265.142909
2.513560,265.198922
2.516463,265.263006
2.519365,265.331635
2.522268,265.405199
2.525170,265.483986
2.528073,265.568101
2.530975,265.656087
2.533878,265.747764
2.536780,265.841269
2.539683,265.935001
2.542585,266.028021
2.545488,266.116853
2.548390,266.203065
2.551293,266.287068
2.554195,266.368188
2.557098,266.447222
2.560000,266.526171
2.562902,266.605548
2.565805,266.685516
2.568707,266.770293
2.571610,266.853481
2.574512,266.937041
2.577415,267.021857
2.580317,267.111669
2.583220,267.183722
2.586122,267.237223
2.589025,267.262964
2.591927,267.230681
2.594830,267.164724
2.597732,267.056593
2.600635,266.909530
2.603537,266.731746
2.606440,266.537682
2.609342,266.339772
2.612245,266.150040
2.615147,265.972932
2.618050,265.809050
2.620952,265.687100
2.623855,265.586775
2.626757,265.504807
2.629660,265.439536
2.632562,265.412928
2.635465,265.394556
2.638367,265.385331
2.641270,265.385066
2.644172,265.390982
2.647075,265.395218
2.649977,265.396494
2.652880,265.393290
2.655782,265.383020
2.658685,265.368630
2.661587,265.350069
2.664490,265.328213
2.667392,265.304176
2.670295,265.278664
2.673197,265.252067
2.676100,265.224986
2.679002,265.197771
2.681905,265.170553
2.684807,265.143878
2.687710,265.117856
2.690612,265.092503
2.693515,265.067783
2.696417,265.045662
2.699320,265.024805
2.702222,265.005173
2.705125,264.986915
2.708027,264.972694
2.710930,264.960836
2.713832,264.951642
2.716735,264.945906
2.719637,264.946821
2.722540,264.950641
2.725442,264.957504
2.728345,264.967137
2.731247,264.978845
2.734150,264.991356
2.737052,265.004193
2.739955,265.017005
2.742857,265.029484
2.745760,265.042001
2.748662,265.055083
2.751565,265.069976
2.754467,265.087300
2.757370,265.107023
2.760272,265.132616
2.763175,265.162105
2.766077,265.194934
2.768980,265.230831
2.771882,265.273079
2.774785,265.315293
2.777687,265.357034
2.780590,265.397662
2.783492,265.422497
2.786395,265.434006
2.789297,265.430606
2.792200,265.407184
2.795102,265.340712
2.798005,265.248431
2.800907,265.126923
2.803810,264.971120
2.806712,264.772254
2.809615,264.550417
2.812517,264.307707
2.815420,264.061698
2.818322,263.832594
2.821224,263.652395
2.824127,263.594733
2.827029,263.718122
2.829932,264.053529
2.832834,264.608707
2.835737,265.747300
2.838639,267.369411
2.841542,269.447062
2.844444,271.957886
2.847347,275.822187
2.850249,280.305992
2.853152,285.413214
2.856054,291.284036
2.858957,298.661420
2.861859,305.723219
2.864762,312.868137
2.867664,320.031292
2.870567,326.873696
2.873469,333.035059
2.876372,338.320401
2.879274,342.619272
2.882177,345.842532
2.885079,348.607783
2.887982,350.578277
2.890884,352.102872
2.893787,353.002939
2.896689,353.628583
2.899592,353.828304
2.902494,353.914564
2.905397,353.814125
2.908299,353.678233
2.911202,353.480185
2.914104,353.276486
2.917007,353.083738
2.919909,352.891636
2.922812,352.742833
2.925714,352.596281
2.928617,352.492174
2.931519,352.393231
2.934422,352.327897
2.937324,352.268732
2.940227,352.227179
2.943129,352.190373
2.946032,352.162773
2.948934,352.138387
2.951837,352.118963
2.954739,352.101358
2.957642,352.085192
2.960544,352.068685
2.963447,352.049975
2.966349,352.028423
2.969252,352.002016
2.972154,351.970991
2.975057,351.934212
2.977959,351.892250
2.980862,351.844734
2.983764,351.792177
2.986667,351.734573
2.989569,351.673049
2.992472,351.608298
2.995374,351.541892
2.998277,351.475311
3.001179,351.410352
3.004082,351.349256
3.006984,351.293086
3.009887,351.244865
3.012789,351.202770
3.015692,351.168512
3.018594,351.139339
3.021497,351.116776
3.024399,351.097778
3.027302,351.083710
3.030204,351.071882
3.033107,351.063398
3.036009,351.056302
3.038912,351.051971
3.041814,351.048760
3.044717,351.049522
3.047619,351.051492
3.050522,351.058831
3.053424,351.067185
3.056327,351.081314
3.059229,351.095953
3.062132,351.114857
3.065034,351.133892
3.067937,351.154404
3.070839,351.174812
3.073741,351.193685
3.076644,351.212103
3.079546,351.226755
3.082449,351.240482
3.085351,351.249883
3.088254,351.258149
3.091156,351.263164
3.094059,351.267316
3.096961,351.270059
3.099864,351.272507
3.102766,351.275035
3.105669,351.277884
3.108571,351.281677
3.111474,351.286464
3.114376,351.292929
3.117279,351.300910
3.120181,351.311080
3.123084,351.322771
3.125986,351.335869
3.128889,351.350087
3.131791,351.365323
3.134694,351.381700
3.137596,351.399482
3.140499,351.418676
3.143401,351.439480
3.146304,351.461498
3.149206,351.484446
3.152109,351.507651
3.155011,351.530489
3.157914,351.552545
3.160816,351.573099
3.163719,351.592077
3.166621,351.608486
3.169524,351.622440
3.172426,351.631850
3.175329,351.637793
3.178231,351.636661
3.181134,351.631671
3.184036,351.618484
3.186939,351.601978
3.189841,351.577411
3.192744,351.550646
3.195646,351.517879
3.198549,351.484055
3.201451,351.446872
3.204354,351.409475
3.207256,351.373099
3.210159,351.336740
3.213061,351.305544
3.215964,351.274598
3.218866,351.249014
3.221769,351.224007
3.224671,351.203139
3.227574,351.183085
3.230476,351.166315
3.233379,351.150467
3.236281,351.137737
3.239184,351.126336
3.242086,351.118375
3.244989,351.112196
3.247891,351.109634
3.250794,351.109343
3.253696,351.113077
3.256599,351.119578
3.259501,351.130263
3.262404,351.143522
3.265306,351.159481
3.268209,351.176615
3.271111,351.193963
3.274014,351.211060
3.276916,351.227411
3.279819,351.242687
3.282721,351.256415
3.285624,351.268101
3.288526,351.277078
3.291429,351.282756
3.294331,351.284228
3.297234,351.281160
3.300136,351.272551
3.303039,351.259827
3.305941,351.243548
3.308844,351.226001
3.311746,351.209196
3.314649,351.194536
3.317551,351.185007
3.320454,351.180601
3.323356,351.186601
3.326259,351.200758
3.329161,351.233349
3.332063,351.277328
3.334966,351.351033
3.337868,351.437151
3.340771,351.558866
3.343673,351.689607
3.346576,351.846783
3.349478,352.006457
3.352381,352.168511
3.355283,352.330609
3.358186,352.446315
3.361088,352.556722
3.363991,352.557399
3.366893,352.534537
3.369796,352.313739
3.372698,352.025669
3.375601,351.394030
3.378503,350.635865
3.381406,349.505811
3.384308,348.178778
3.387211,346.478133
3.390113,344.534034
3.393016,342.251358
3.395918,339.726481
3.398821,336.907196
3.401723,333.971298
3.404626,330.996393
3.407528,327.916597
3.410431,325.241292
3.413333,322.607673
3.416236,320.310409
3.419138,318.438090
3.422041,316.958793
3.424943,315.788907
3.427846,314.851731
3.430748,314.128692
3.433651,313.641918
3.436553,313.228837
3.439456,313.048350
3.442358,312.896767
3.445261,312.840762
3.448163,312.829776
3.451066,312.855439
3.453968,312.908465
3.456871,312.974141
3.459773,313.047773
3.462676,313.122533
3.465578,313.196990
3.468481,313.261635
3.471383,313.323396
3.474286,313.370759
3.477188,313.410146
3.480091,313.436164
3.482993,313.448365
3.485896,313.447299
3.488798,313.432279
3.491701,313.405111
3.494603,313.369349
3.497506,313.320515
3.500408,313.268706
3.503311,313.206869
3.506213,313.144615
3.509116,313.081852
3.512018,313.020687
3.514921,312.962686
3.517823,312.909669
3.520726,312.862171
3.523628,312.820504
3.526531,312.786766
3.529433,312.756557
3.532336,312.737349
3.535238,312.719997
3.538141,312.710036
3.541043,312.702551
3.543946,312.698235
3.546848,312.696583
3.549751,312.697017
3.552653,312.700626
3.555556,312.708252
3.558458,312.719579
3.561361,312.740106
3.564263,312.762871
3.567166,312.800058
3.570068,312.840986
3.572971,312.892774
3.575873,312.952605
3.578776,313.020968
3.581678,313.098517
3.584580,313.183723
3.587483,313.275680
3.590385,313.374846
3.593288,313.477012
3.596190,313.588654
3.599093,313.702029
3.601995,313.823534
3.604898,313.948326
3.607800,314.078154
3.610703,314.210633
3.613605,314.343995
3.616508,314.474435
3.619410,314.597923
3.622313,314.711594
3.625215,314.798041
3.628118,314.876982
3.631020,314.866587
3.633923,314.835139
3.636825,314.708779
3.639728,314.515966
3.642630,314.228609
3.645533,313.830689
3.648435,313.326013
3.651338,312.687984
3.654240,311.898951
3.657143,311.009523
3.660045,309.958427
3.662948,308.829848
3.665850,307.700920
3.668753,306.469269
3.671655,305.181143
3.674558,304.030632
3.677460,303.225904
3.680363,302.488556
3.683265,302.047447
3.686168,301.676963
3.689070,301.517645
3.691973,301.505215
3.694875,301.628916
3.697778,301.906508
3.700680,302.388992
3.703583,302.869588
3.706485,303.336361
3.709388,303.744971
3.712290,304.056776
3.715193,304.235916
3.718095,304.281523
3.720998,304.206490
3.723900,303.941031
3.726803,303.625118
3.729705,303.142694
3.732608,302.618068
3.735510,302.040460
3.738413,301.429967
3.741315,300.809027
3.744218,300.191635
3.747120,299.613316
3.750023,299.043263
3.752925,298.517421
3.755828,298.027205
3.758730,297.573062
3.761633,297.165670
3.764535,296.813334
3.767438,296.484141
3.770340,296.241731
3.773243,296.028995
3.776145,295.859819
3.779048,295.737743
3.781950,295.652391
3.784853,295.588850
3.787755,295.571348
3.790658,295.561342
3.793560,295.565632
3.796463,295.578847
3.799365,295.596001
3.802268,295.615790
3.805170,295.635147
3.808073,295.653537
3.810975,295.668098
3.813878,295.679745
3.816780,295.688401
3.819683,295.693709
3.822585,295.695871
3.825488,295.696628
3.828390,295.692297
3.831293,295.686191
3.834195,295.676993
3.837098,295.664474
3.840000,295.649200
3.842902,295.631650
3.845805,295.610497
3.848707,295.588462
3.851610,295.564885
3.854512,295.540889
3.857415,295.516843
3.860317,295.492811
3.863220,295.468920
3.866122,295.445118
3.869025,295.420888
3.871927,295.396255
3.874830,295.370797
3.877732,295.344271
3.880635,295.316722
3.883537,295.288411
3.886440,295.259432
3.889342,295.230733
3.892245,295.203763
3.895147,295.179046
3.898050,295.156971
3.900952,295.138579
3.903855,295.124916
3.906757,295.113393
3.909660,295.110360
3.912562,295.109678
3.915465,295.112911
3.918367,295.119566
3.921270,295.128440
3.924172,295.138840
3.927075,295.150075
3.929977,295.161062
3.932880,295.170729
3.935782,295.178843
3.938685,295.185242
3.941587,295.189591
3.944490,295.191618
3.947392,295.192716
3.950295,295.191574
3.953197,295.190071
3.956100,295.188171
3.959002,295.186020
3.961905,295.183839
3.964807,295.181739
3.967710,295.180014
3.970612,295.178606
3.973515,295.178063
3.976417,295.178496
3.979320,295.179929
3.982222,295.182534
3.985125,295.186560
3.988027,295.191106
3.990930,295.196088
3.993832,295.200650
3.996735,295.204371
3.999637,295.207302
4.002540,295.209690
4.005442,295.211892
4.008345,295.215762
4.011247,295.220813
4.014150,295.229281
4.017052,295.240772
4.019955,295.255086
4.022857,295.272196
4.025760,295.291692
4.028662,295.311944
4.031565,295.331275
4.034467,295.349279
4.037370,295.365053
4.040272,295.378283
4.043175,295.389325
4.046077,295.398685
4.048980,295.404625
4.051882,295.409587
4.054785,295.412194
4.057687,295.413198
4.060590,295.412884
4.063492,295.411336
4.066395,295.408929
4.069297,295.406262
4.072200,295.404321
4.075102,295.402795
4.078005,295.401941
4.080907,295.401526
4.083810,295.401207
4.086712,295.400893
4.089615,295.400108
4.092517,295.399274
4.095420,295.398458
4.098322,295.397945
4.101224,295.397834
4.104127,295.398240
4.107029,295.399368
4.109932,295.400755
4.112834,295.402777
4.115737,295.405147
4.118639,295.408112
4.121542,295.411946
4.124444,295.416664
4.127347,295.422031
4.130249,295.428576
4.133152,295.435146
4.136054,295.441413
4.138957,295.446941
4.141859,295.451528
4.144762,295.455289
4.147664,295.458607
4.150567,295.461877
4.153469,295.467366
4.156372,295.474205
4.159274,295.483314
4.162177,295.494891
4.165079,295.508513
4.167982,295.523645
4.170884,295.540885
4.173787,295.558275
4.176689,295.575690
4.179592,295.592407
4.182494,295.608163
4.185397,295.622739
4.188299,295.635856
4.191202,295.648370
4.194104,295.659664
4.197007,295.670914
4.199909,295.682300
4.202812,295.694043
4.205714,295.706267
4.208617,295.718971
4.211519,295.732495
4.214422,295.746351
4.217324,295.761163
4.220227,295.776584
4.223129,295.792568
4.226032,295.809065
4.228934,295.825847
4.231837,295.842683
4.234739,295.858662
4.237642,295.874325
4.240544,295.889314
4.243447,295.903758
4.246349,295.917874
4.249252,295.931848
4.252154,295.946251
4.255057,295.960861
4.257959,295.976184
4.260862,295.991722
4.263764,296.007345
4.266667,296.022782
4.269569,296.037651
4.272472,296.052220
4.275374,296.064301
4.278277,296.075607
4.281179,296.085160
4.284082,296.092887
4.286984,296.099032
4.289887,296.103312
4.292789,296.104145
4.295692,296.103698
4.298594,296.100032
4.301497,296.095461
4.304399,296.090210
4.307302,296.085120
4.310204,296.081230
4.313107,296.078190
4.316009,296.081074
4.318912,296.086010
4.321814,296.095783
4.324717,296.110039
4.327619,296.128046
4.330522,296.149569
4.333424,296.174666
4.336327,296.200864
4.339229,296.228699
4.342132,296.256150
4.345034,296.282607
4.347937,296.306633
4.350839,296.327225
4.353741,296.345318
4.356644,296.353443
4.359546,296.358102
4.362449,296.354331
4.365351,296.343802
4.368254,296.327627
4.371156,296.305332
4.374059,296.276363
4.376961,296.244627
4.379864,296.204524
4.382766,296.161763
4.385669,296.115305
4.388571,296.065511
4.391474,296.013526
4.394376,295.960148
4.397279,295.906521
4.400181,295.854042
4.403084,295.805978
4.405986,295.762419
4.408889,295.723666
4.411791,295.690913
4.414694,295.665113
4.417596,295.642312
4.420499,295.628899
4.423401,295.617760
4.426304,295.610233
4.429206,295.606271
4.432109,295.605013
4.435011,295.606145
4.437914,295.612089
4.440816,295.619244
4.443719,295.628663
4.446621,295.638610
4.449524,295.648525
4.452426,295.657720
4.455329,295.665164
4.458231,295.671817
4.461134,295.673806
4.464036,295.674418
4.466939,295.672460
4.469841,295.668075
4.472744,295.661899
4.475646,295.654224
4.478549,295.644461
4.481451,295.633954
4.484354,295.621552
4.487256,295.608032
4.490159,295.593454
4.493061,295.577758
4.495964,295.561147
4.498866,295.544136
4.501769,295.526516
4.504671,295.509188
4.507574,295.492491
4.510476,295.477706
4.513379,295.465380
4.516281,295.456072
4.519184,295.454764
4.522086,295.457315
4.524989,295.470959
4.527891,295.492858
4.530794,295.523307
4.533696,295.565111
4.536599,295.619890
4.539501,295.680340
4.542404,295.768800
4.545306,295.865908
4.548209,295.981836
4.551111,296.115127
4.554014,296.261777
4.556916,296.420142
4.559819,296.592080
4.562721,296.765822
4.565624,296.933484
4.568526,297.083650
4.571429,297.211908
4.574331,297.307107
4.577234,297.343666
4.580136,297.343123
4.583039,297.218234
4.585941,297.021247
4.588844,296.739902
4.591746,296.348892
4.594649,295.846963
4.597551,295.284526
4.600454,294.481404
4.603356,293.624469
4.606259,292.643251
4.609161,291.561878
4.612063,290.411868
4.614966,289.214294
4.617868,288.017535
4.620771,286.863907
4.623673,285.863953
4.626576,284.999120
4.629478,284.247349
4.632381,283.601875
4.635283,283.155287
4.638186,282.817306
4.641088,282.565788
4.643991,282.384656
4.646893,282.250696
4.649796,282.133486
4.652698,282.028164
4.655601,281.918769
4.658503,281.802260
4.661406,281.675816
4.664308,281.535832
4.667211,281.387569
4.670113,281.222922
4.673016,281.048452
4.675918,280.866148
4.678821,280.677025
4.681723,280.481935
4.684626,280.286774
4.687528,280.094665
4.690431,279.911729
4.693333,279.741519
4.696236,279.580963
4.699138,279.452999
4.702041,279.337446
4.704943,279.234987
4.707846,279.147589
4.710748,279.076863
4.713651,279.014834
4.716553,278.964924
4.719456,278.923752
4.722358,278.889058
4.725261,278.860092
4.728163,278.844628
4.731066,278.832978
4.733968,278.826764
4.736871,278.825786
4.739773,278.828830
4.742676,278.834386
4.745578,278.844688
4.748481,278.856695
4.751383,278.870046
4.754286,278.884485
4.757188,278.898955
4.760091,278.913119
4.762993,278.926257
4.765896,278.938281
4.768798,278.949317
4.771701,278.959659
4.774603,278.967435
4.777506,278.974279
4.780408,278.979723
4.783311,278.983452
4.786213,278.985381
4.789116,278.986295
4.792018,278.985464
4.794921,278.983775
4.797823,278.981450
4.800726,278.978775
4.803628,278.977243
4.806531,278.977877
4.809433,278.982674
4.812336,278.994439
4.815238,279.014311
4.818141,279.040102
4.821043,279.094944
4.823946,279.165724
4.826848,279.255986
4.829751,279.374990
4.832653,279.536636
4.835556,279.727934
4.838458,279.987569
4.841361,280.308888
4.844263,280.686633
4.847166,281.125157
4.850068,281.693991
4.852971,282.307887
4.855873,283.005241
4.858776,283.782081
4.861678,284.622418
4.864580,285.504113
4.867483,286.450603
4.870385,287.393837
4.873288,288.322071
4.876190,289.163847
4.879093,289.879726
4.881995,290.518764
4.884898,290.615028
4.887800,290.399504
4.890703,289.770171
4.893605,288.528916
4.896508,286.515972
4.899410,284.046725
4.902313,280.312026
4.905215,275.574395
4.908118,269.888997
4.911020,263.845217
4.913923,257.995332
4.916825,251.753819
4.919728,246.534028
4.922630,241.649587
4.925533,237.075173
4.928435,233.186340
4.931338,229.717376
4.934240,227.013466
4.937143,225.311401
4.940045,224.085682
4.942948,223.341907
4.945850,222.958809
4.948753,222.758408
4.951655,222.737736
4.954558,222.895167
4.957460,223.073721
4.960363,223.263643
4.963265,223.442831
4.966168,223.604602
4.969070,223.747571
4.971973,223.816853
4.974875,223.861572
4.977778,223.884237
4.980680,223.868045
4.983583,223.836359
4.986485,223.788240
4.989388,223.716725
4.992290,223.640696
4.995193,223.559947
4.998095,223.475948
5.000998,223.391536
5.003900,223.307137
5.006803,223.228637
5.009705,223.155116
5.012608,223.091577
5.015510,223.038049
5.018413,222.991050
5.021315,222.956757
5.024218,222.933416
5.027120,222.917897
5.030023,222.917069
5.032925,222.918907
5.035828,222.923206
5.038730,222.928018
5.041633,222.931399
5.044535,222.932757
5.047438,222.928046
5.050340,222.921897
5.053243,222.914669
5.056145,222.910960
5.059048,222.909942
5.061950,222.914684
5.064853,222.925423
5.067755,222.939251
5.070658,222.954428
5.073560,222.968229
5.076463,222.980922
5.079365,222.990455
5.082268,222.998288
5.085170,223.004282
5.088073,223.007439
5.090975,223.010326
5.093878,223.013111
5.096780,223.016634
5.099683,223.020641
5.102585,223.025501
5.105488,223.030713
5.108390,223.035692
5.111293,223.039082
5.114195,223.040841
5.117098,223.041428
5.120000,223.039564
5.122902,223.036281
5.125805,223.031806
5.128707,223.026068
5.131610,223.021661
5.134512,223.018930
5.137415,223.019300
5.140317,223.020934
5.143220,223.024255
5.146122,223.025186
5.149025,223.023659
5.151927,223.016647
5.154830,223.005127
5.157732,222.990836
5.160635,222.971866
5.163537,222.950147
5.166440,222.926798
5.169342,222.904386
5.172245,222.885974
5.175147,222.871243
5.178050,222.866005
5.180952,222.865636
5.183855,222.871496
5.186757,222.885170
5.189660,222.900732
5.192562,222.917912
5.195465,222.935099
5.198367,222.951952
5.201270,222.967680
5.204172,222.981278
5.207075,222.993280
5.209977,223.001389
5.212880,223.008094
5.215782,223.013753
5.218685,223.017974
5.221587,223.021970
5.224490,223.025735
5.227392,223.030245
5.230295,223.034883
5.233197,223.039647
5.236100,223.043780
5.239002,223.047336
5.241905,223.049818
5.244807,223.049882
5.247710,223.048597
5.250612,223.045139
5.253515,223.040414
5.256417,223.034841
5.259320,223.027730
5.262222,223.019716
5.265125,223.010972
5.268027,223.001369
5.270930,222.992292
5.273832,222.983864
5.276735,222.977438
5.279637,222.972269
5.282540,222.969019
5.285442,222.968597
5.288345,222.969490
5.291247,222.972188
5.294150,222.975673
5.297052,222.979575
5.299955,222.983937
5.302857,222.988268
5.305760,222.992513
5.308662,222.995568
5.311565,222.998049
5.314467,222.999964
5.317370,223.001556
5.320272,223.003444
5.323175,223.005778
5.326077,223.011735
5.328980,223.019527
5.331882,223.030055
5.334785,223.041069
5.337687,223.051975
5.340590,223.062002
5.343492,223.069979
5.346395,223.076418
5.349297,223.079054
5.352200,223.079539
5.355102,223.078358
5.358005,223.073995
5.360907,223.068247
5.363810,223.061067
5.366712,223.050356
5.369615,223.038298
5.372517,223.024511
5.375420,223.008873
5.378322,222.992413
5.381224,222.974815
5.384127,222.956699
5.387029,222.938746
5.389932,222.922065
5.392834,222.906987
5.395737,222.893081
5.398639,222.881886
5.401542,222.872652
5.404444,222.865007
5.407347,222.861806
5.410249,222.859862
5.413152,222.859339
5.416054,222.860801
5.418957,222.863021
5.421859,222.866224
5.424762,222.870358
5.427664,222.874989
5.430567,222.880414
5.433469,222.886606
5.436372,222.893288
5.439274,222.900885
5.442177,222.909260
5.445079,222.918145
5.447982,222.927737
5.450884,222.937267
5.453787,222.946743
5.456689,222.955646
5.459592,222.964065
5.462494,222.971882
5.465397,222.976991
5.468299,222.980488
5.471202,222.981554
5.474104,222.979489
5.477007,222.975607
5.479909,222.968685
5.482812,222.958600
5.485714,222.946873
5.488617,222.933389
5.491519,222.921162
5.494422,222.909909
5.497324,222.901147
5.500227,222.893812
5.503129,222.887793
5.506032,222.887045
5.508934,222.889368
5.511837,222.895660
5.514739,222.906341
5.517642,222.918643
5.520544,222.932973
5.523447,222.946659
5.526349,222.959464
5.529252,222.969993
5.532154,222.978596
5.535057,222.985941
5.537959,222.990941
5.540862,222.994396
5.543764,222.996666
5.546667,222.996164
5.549569,222.994638
5.552472,222.992061
5.555374,222.987788
5.558277,222.982809
5.561179,222.976925
5.564082,222.969923
5.566984,222.962664
5.569887,222.955253
5.572789,222.948527
5.575692,222.942331
5.578594,222.937304
5.581497,222.933728
5.584399,222.931105
5.587302,222.930151
5.590204,222.929246
5.593107,222.928370
5.596009,222.926766
5.598912,222.924513
5.601814,222.921504
5.604717,222.917014
5.607619,222.912383
5.610522,222.907760
5.613424,222.903585
5.616327,222.899733
5.619229,222.896494
5.622132,222.893955
5.625034,222.891629
5.627937,222.888952
5.630839,222.885655
5.633741,222.881898
5.636644,222.877113
5.639546,222.871819
5.642449,222.866038
5.645351,222.859706
5.648254,222.853601
5.651156,222.847854
5.654059,222.843104
5.656961,222.838967
5.659864,222.835837
5.662766,222.834417
5.665669,222.834013
5.668571,222.835380
5.671474,222.837781
5.674376,222.840852
5.677279,222.845032
5.680181,222.849734
5.683084,222.854864
5.685986,222.861461
5.688889,222.868503
5.691791,222.876053
5.694694,222.883958
5.697596,222.891833
5.700499,222.899604
5.703401,222.906329
5.706304,222.912183
5.709206,222.916285
5.712109,222.918555
5.715011,222.919704
5.717914,222.918878
5.720816,222.916818
5.723719,222.913979
5.726621,222.910831
5.729524,222.907821
5.732426,222.904943
5.735329,222.902226
5.738231,222.899446
5.741134,222.896571
5.744036,222.892720
5.746939,222.888128
5.749841,222.882275
5.752744,222.874764
5.755646,222.866269
5.758549,222.856053
5.761451,222.844477
5.764354,222.832091
5.767256,222.818639
5.770159,222.804988
5.773061,222.791203
5.775964,222.777730
5.778866,222.764781
5.781769,222.752390
5.784671,222.743745
5.787574,222.736967
5.790476,222.732820
5.793379,222.732126
5.796281,222.733287
5.799184,222.737419
5.802086,222.744714
5.804989,222.753889
5.807891,222.766285
5.810794,222.779977
5.813696,222.794558
5.816599,222.810525
5.819501,222.826981
5.822404,222.843876
5.825306,222.860526
5.828209,222.876072
5.831111,222.890169
5.834014,222.901744
5.836916,222.911939
5.839819,222.920079
5.842721,222.925640
5.845624,222.929878
5.848526,222.932045
5.851429,222.932622
5.854331,222.932175
5.857234,222.929869
5.860136,222.926311
5.863039,222.921764
5.865941,222.914465
5.868844,222.906288
5.871746,222.897208
5.874649,222.887195
5.877551,222.877107
5.880454,222.866985
5.883356,222.858553
5.886259,222.851299
5.889161,222.846098
5.892063,222.842492
5.894966,222.839738
5.897868,222.838262
5.900771,222.837423
5.903673,222.836916
5.906576,222.836375
5.909478,222.835321
5.912381,222.833851
5.915283,222.831368
5.918186,222.828410
5.921088,222.824902
5.923991,222.820577
5.926893,222.816207
5.929796,222.811892
5.932698,222.808181
5.935601,222.804924
5.938503,222.802543
5.941406,222.801548
5.944308,222.801220
5.947211,222.801476
5.950113,222.801074
5.953016,222.800140
5.955918,222.797455
5.958821,222.793474
5.961723,222.788253
5.964626,222.780410
5.967528,222.772318
5.970431,222.764027
5.973333,222.756504
5.976236,222.749601
5.979138,222.743811
5.982041,222.739482
5.984943,222.735666
5.987846,222.732002
5.990748,222.727604
5.993651,222.722623
5.996553,222.715987
5.999456,222.707975
6.002358,222.698848
6.005261,222.685172
6.008163,222.670204
6.011066,222.653666
6.013968,222.636816
6.016871,222.620950
6.019773,222.606953
6.022676,222.602214
6.025578,222.604114
6.028481,222.618881
6.031383,222.640844
6.034286,222.666739
6.037188,222.697599
6.040091,222.728560
6.042993,222.759216
6.045896,222.784022
6.048798,222.805846
6.051701,222.824807
6.054603,222.838891
6.057506,222.851027
6.060408,222.860672
6.063311,222.866295
6.066213,222.870347
6.069116,222.872366
6.072018,222.872879
6.074921,222.872634
6.077823,222.871297
6.080726,222.869290
6.083628,222.866851
6.086531,222.863672
6.089433,222.860268
6.092336,222.856692
6.095238,222.853015
6.098141,222.849493
6.101043,222.846140
6.103946,222.844466
6.106848,222.843646
6.109751,222.844020
6.112653,222.845953
6.115556,222.848789
6.118458,222.853137
6.121361,222.859544
6.124263,222.867314
6.127166,222.877876
6.130068,222.890035
6.132971,222.903336
6.135873,222.918831
6.138776,222.935384
6.141678,222.952910
6.144580,222.971948
6.147483,222.991153
6.150385,223.010525
6.153288,223.030554
6.156190,223.051148
6.159093,223.072732
6.161995,223.097241
6.164898,223.123750
6.167800,223.154246
6.170703,223.188183
6.173605,223.224481
6.176508,223.265775
6.179410,223.310633
6.182313,223.358353
6.185215,223.414404
6.188118,223.473080
6.191020,223.534736
6.193923,223.601358
6.196825,223.670309
6.199728,223.742512
6.202630,223.820020
6.205533,223.901610
6.208435,223.990988
6.211338,224.089587
6.214240,224.194327
6.217143,224.310512
6.220045,224.437662
6.222948,224.572985
6.225850,224.726348
6.228753,224.887926
6.231655,225.055945
6.234558,225.234628
6.237460,225.418587
6.240363,225.607617
6.243265,225.823663
6.246168,226.050532
6.249070,226.292524
6.251973,226.561981
6.254875,226.848939
6.257778,227.166392
6.260680,227.527914
6.263583,227.918530
6.266485,228.357656
6.269388,228.823897
6.272290,229.300940
6.275193,229.775208
6.278095,230.168049
6.280998,230.461707
6.283900,230.512576
6.286803,0.000000
6.289705,0.000000
6.292608,0.000000
6.295510,0.000000
6.298413,0.000000
6.301315,0.000000
6.304218,0.000000
6.307120,0.000000
6.310023,0.000000
6.312925,0.000000
6.315828,0.000000
6.318730,0.000000
6.321633,0.000000
6.324535,0.000000
6.327438,0.000000
6.330340,0.000000
6.333243,0.000000
6.336145,0.000000
6.339048,0.000000
6.341950,0.000000
6.344853,0.000000
6.347755,0.000000
6.350658,0.000000
6.353560,0.000000
6.356463,0.000000
6.359365,0.000000
6.362268,0.000000
6.365170,0.000000
6.368073,0.000000
6.370975,0.000000
6.373878,0.000000
6.376780,0.000000
6.379683,0.000000
6.382585,0.000000
6.385488,0.000000
6.388390,0.000000
6.391293,0.000000
6.394195,0.000000
6.397098,0.000000
6.400000,0.000000
6.402902,0.000000
6.405805,0.000000
6.408707,0.000000
6.411610,0.000000
6.414512,0.000000
6.417415,0.000000
6.420317,0.000000
6.423220,0.000000
6.426122,0.000000
6.429025,0.000000
6.431927,0.000000
6.434830,0.000000
6.437732,0.000000
6.440635,0.000000
6.443537,0.000000
6.446440,0.000000
6.449342,0.000000
6.452245,0.000000
6.455147,0.000000
6.458050,0.000000
6.460952,0.000000
6.463855,0.000000
6.466757,0.000000
6.469660,0.000000
6.472562,0.000000
6.475465,0.000000
6.478367,0.000000
6.481270,0.000000
6.484172,0.000000
6.487075,0.000000
6.489977,0.000000
6.492880,0.000000
6.495782,0.000000
6.498685,0.000000
6.501587,0.000000
6.504490,0.000000
6.507392,0.000000
6.510295,0.000000
6.513197,0.000000
6.516100,0.000000
6.519002,0.000000
6.521905,0.000000
6.524807,0.000000
6.527710,0.000000
6.530612,0.000000
6.533515,0.000000
6.536417,0.000000
6.539320,0.000000
6.542222,0.000000
6.545125,0.000000
6.548027,0.000000
6.550930,0.000000
6.553832,0.000000
6.556735,0.000000
6.559637,0.000000
6.562540,0.000000
6.565442,0.000000
6.568345,0.000000
6.571247,0.000000
6.574150,0.000000
6.577052,0.000000
6.579955,0.000000
6.582857,0.000000
6.585760,0.000000
6.588662,0.000000
6.591565,0.000000
6.594467,0.000000
6.597370,0.000000
6.600272,0.000000
6.603175,0.000000
6.606077,0.000000
6.608980,0.000000
6.611882,0.000000
6.614785,0.000000
6.617687,0.000000
6.620590,0.000000
6.623492,0.000000
6.626395,0.000000
6.629297,0.000000
6.632200,0.000000
6.635102,0.000000
6.638005,0.000000
6.640907,0.000000
6.643810,0.000000
6.646712,0.000000
6.649615,0.000000
6.652517,0.000000
6.655420,0.000000
6.658322,0.000000
6.661224,0.000000
6.664127,0.000000
6.667029,0.000000
6.669932,0.000000
6.672834,0.000000
6.675737,0.000000
6.678639,0.000000
6.681542,0.000000
6.684444,0.000000
6.687347,0.000000
6.690249,0.000000
6.693152,0.000000
6.696054,0.000000
6.698957,0.000000
6.701859,0.000000
6.704762,0.000000
6.707664,0.000000
6.710567,0.000000
6.713469,0.000000
6.716372,0.000000
6.719274,0.000000
6.722177,0.000000
6.725079,0.000000
6.727982,0.000000
6.730884,0.000000
6.733787,0.000000
6.736689,0.000000
6.739592,0.000000
6.742494,0.000000
6.745397,0.000000
6.748299,297.336918
6.751202,297.195664
6.754104,297.081375
6.757007,296.975698
6.759909,296.878089
6.762812,296.782980
6.765714,296.683645
6.768617,296.580118
6.771519,296.463826
6.774422,296.337584
6.777324,296.202408
6.780227,296.060486
6.783129,295.917176
6.786032,295.774196
6.788934,295.656081
6.791837,295.551692
6.794739,295.469532
6.797642,295.413734
6.800544,295.381343
6.803447,295.365606
6.806349,295.383518
6.809252,295.408006
6.812154,295.444563
6.815057,295.485716
6.817959,295.527319
6.820862,295.566800
6.823764,295.596801
6.826667,295.621968
6.829569,295.630399
6.832472,295.629474
6.835374,295.617839
6.838277,295.593588
6.841179,295.557867
6.844082,295.515958
6.846984,295.456630
6.849887,295.394842
6.852789,295.327990
6.855692,295.260169
6.858594,295.193998
6.861497,295.131039
6.864399,295.077557
6.867302,295.028451
6.870204,294.992079
6.873107,294.962945
6.876009,294.941235
6.878912,294.927791
6.881814,294.921585
6.884717,294.918832
6.887619,294.924336
6.890522,294.930362
6.893424,294.937442
6.896327,294.944314
6.899229,294.950126
6.902132,294.954716
6.905034,294.956542
6.907937,294.957291
6.910839,294.955326
6.913741,294.951549
6.916644,294.946022
6.919546,294.938518
6.922449,294.929124
6.925351,294.918873
6.928254,294.906834
6.931156,294.894544
6.934059,294.881862
6.936961,294.868606
6.939864,294.854752
6.942766,294.840270
6.945669,294.823989
6.948571,294.807092
6.951474,294.788926
6.954376,294.770231
6.957279,294.751286
6.960181,294.732429
6.963084,294.714346
6.965986,294.696686
6.968889,294.681373
6.971791,294.667074
6.974694,294.654176
6.977596,294.642979
6.980499,294.633332
6.983401,294.624857
6.986304,294.619823
6.989206,294.615995
6.992109,294.614848
6.995011,294.615855
6.997914,294.618619
7.000816,294.623231
7.003719,294.630007
7.006621,294.637522
7.009524,294.646153
7.012426,294.654904
7.015329,294.663546
7.018231,294.671876
7.021134,294.679762
7.024036,294.687343
7.026939,294.694078
7.029841,294.700723
7.032744,294.707172
7.035646,294.713751
7.038549,294.720625
7.041451,294.728016
7.044354,294.736747
7.047256,294.746164
7.050159,294.757434
7.053061,294.769573
7.055964,294.782530
7.058866,294.796236
7.061769,294.810394
7.064671,294.824751
7.067574,294.839893
7.070476,294.855189
7.073379,294.870937
7.076281,294.886922
7.079184,294.902942
7.082086,294.918891
7.084989,294.934383
7.087891,294.949642
7.090794,294.964209
7.093696,294.978236
7.096599,294.991674
7.099501,295.004299
7.102404,295.015981
7.105306,295.027244
7.108209,295.036361
7.111111,295.044680
7.114014,295.051432
7.116916,295.056657
7.119819,295.060667
7.122721,295.063597
7.125624,295.065034
7.128526,295.066241
7.131429,295.067358
7.134331,295.069314
7.137234,295.072514
7.140136,295.078303
7.143039,295.088342
7.145941,295.100406
7.148844,295.126085
7.151746,295.157006
7.154649,295.197605
7.157551,295.249673
7.160454,295.312065
7.163356,295.384313
7.166259,295.478293
7.169161,295.580673
7.172063,295.705116
7.174966,295.845497
7.177868,296.001453
7.180771,296.176754
7.183673,296.373972
7.186576,296.586115
7.189478,296.840060
7.192381,297.105133
7.195283,297.383028
7.198186,297.678520
7.201088,297.992706
7.203991,298.312723
7.206893,298.648246
7.209796,298.985224
7.212698,299.325055
7.215601,299.665504
7.218503,300.003053
7.221406,300.339048
7.224308,300.660982
7.227211,300.974438
7.230113,301.266638
7.233016,301.537447
7.235918,301.785738
7.238821,302.003769
7.241723,302.186772
7.244626,302.350290
7.247528,302.445611
7.250431,302.523223
7.253333,302.548529
7.256236,302.533247
7.259138,302.477439
7.262041,302.374229
7.264943,302.226532
7.267846,302.051326
7.270748,301.803771
7.273651,301.539187
7.276553,301.219223
7.279456,300.866668
7.282358,300.482534
7.285261,300.071412
7.288163,299.644415
7.291066,299.209523
7.293968,298.779425
7.296871,298.354829
7.299773,297.969063
7.302676,297.608225
7.305578,297.284468
7.308481,297.005911
7.311383,296.768459
7.314286,296.570405
7.317188,296.433366
7.320091,296.314969
7.322993,296.258063
7.325896,296.218167
7.328798,296.203012
7.331701,296.207441
7.334603,296.224111
7.337506,296.249694
7.340408,296.279973
7.343311,296.311135
7.346213,296.337594
7.349116,296.360206
7.352018,296.376303
7.354921,296.384661
7.357823,296.386110
7.360726,296.381766
7.363628,296.368554
7.366531,296.353027
7.369433,296.333506
7.372336,296.313113
7.375238,296.292615
7.378141,296.272185
7.381043,296.252041
7.383946,296.231985
7.386848,296.211075
7.389751,296.189353
7.392653,296.165710
7.395556,296.139625
7.398458,296.111098
7.401361,296.079815
7.404263,296.044343
7.407166,296.007346
7.410068,295.967084
7.412971,295.925962
7.415873,295.884170
7.418776,295.842073
7.421678,295.800184
7.424580,295.758463
7.427483,295.718287
7.430385,295.678691
7.433288,295.640622
7.436190,295.604303
7.439093,295.569692
7.441995,295.537244
7.444898,295.508252
7.447800,295.480497
7.450703,295.455448
7.453605,295.431093
7.456508,295.407400
7.459410,295.384455
7.462313,295.362132
7.465215,295.340324
7.468118,295.321052
7.471020,295.302802
7.473923,295.287022
7.476825,295.273896
7.479728,295.263291
7.482630,295.255673
7.485533,295.252536
7.488435,295.251386
7.491338,295.256656
7.494240,295.265198
7.497143,295.277649
7.500045,295.294886
7.502948,295.316578
7.505850,295.341011
7.508753,295.372867
7.511655,295.406349
7.514558,295.443327
7.517460,295.482276
7.520363,295.522209
7.523265,295.562604
7.526168,295.602244
7.529070,295.641293
7.531973,295.676510
7.534875,295.709073
7.537778,295.738066
7.540680,295.762405
7.543583,295.782179
7.546485,295.798924
7.549388,295.807464
7.552290,295.814166
7.555193,295.816831
7.558095,295.817189
7.560998,295.816233
7.563900,295.813851
7.566803,295.809757
7.569705,295.804911
7.572608,295.796652
7.575510,295.786726
7.578413,295.774516
7.581315,295.759883
7.584218,295.743345
7.587120,295.725620
7.590023,295.706761
7.592925,295.688290
7.595828,295.671378
7.598730,295.656491
7.601633,295.643782
7.604535,295.633758
7.607438,295.627200
7.610340,295.621986
7.613243,295.620297
7.616145,295.619320
7.619048,295.619257
7.621950,295.619920
7.624853,295.620956
7.627755,295.622336
7.630658,295.624535
7.633560,295.626956
7.636463,295.629737
7.639365,295.632618
7.642268,295.635451
7.645170,295.638189
7.648073,295.640824
7.650975,295.643390
7.653878,295.645907
7.656780,295.648155
7.659683,295.649877
7.662585,295.650820
7.665488,295.650971
7.668390,295.650835
7.671293,295.651961
7.674195,295.654392
7.677098,295.661156
7.680000,295.671552
7.682902,295.685558
7.685805,295.703283
7.688707,295.724157
7.691610,295.746216
7.694512,295.768496
7.697415,295.789774
7.700317,295.809117
7.703220,295.826869
7.706122,295.843623
7.709025,295.859843
7.711927,295.876904
7.714830,295.894630
7.717732,295.914693
7.720635,295.936233
7.723537,295.959176
7.726440,295.983763
7.729342,296.009956
7.732245,296.036860
7.735147,296.070027
7.738050,296.106699
7.740952,296.150988
7.743855,296.206033
7.746757,296.272040
7.749660,296.351010
7.752562,296.456331
7.755465,296.571568
7.758367,296.717604
7.761270,296.879148
7.764172,297.056739
7.767075,297.247637
7.769977,297.445351
7.772880,297.648881
7.775782,297.841532
7.778685,298.020986
7.781587,298.179845
7.784490,298.313637
7.787392,298.424392
7.790295,298.517754
7.793197,298.585000
7.796100,298.650551
7.799002,298.725868
7.801905,298.830529
7.804807,298.977108
7.807710,299.207946
7.810612,299.560460
7.813515,299.977132
7.816417,300.698586
7.819320,301.494061
7.822222,302.472744
7.825125,303.595295
7.828027,304.822357
7.830930,306.143399
7.833832,307.538586
7.836735,308.905290
7.839637,310.140554
7.842540,311.237229
7.845442,312.079407
7.848345,312.762839
7.851247,313.238797
7.854150,313.567966
7.857052,313.767040
7.859955,313.857473
7.862857,313.874125
7.865760,313.833591
7.868662,313.757379
7.871565,313.663801
7.874467,313.562776
7.877370,313.460270
7.880272,313.373402
7.883175,313.290024
7.886077,313.219457
7.888980,313.154382
7.891882,313.093491
7.894785,313.034626
7.897687,312.975515
7.900590,312.915722
7.903492,312.854634
7.906395,312.793121
7.909297,312.732525
7.912200,312.672377
7.915102,312.615551
7.918005,312.559972
7.920907,312.506684
7.923810,312.454639
7.926712,312.403163
7.929615,312.352325
7.932517,312.302077
7.935420,312.252980
7.938322,312.207648
7.941224,312.163251
7.944127,312.126737
7.947029,312.091947
7.949932,312.062896
7.952834,312.037651
7.955737,312.016458
7.958639,311.999211
7.961542,311.984894
7.964444,311.973584
7.967347,311.966177
7.970249,311.960487
7.973152,311.963337
7.976054,311.968560
7.978957,311.984480
7.981859,312.006333
7.984762,312.036845
7.987664,312.075350
7.990567,312.120280
7.993469,312.170961
7.996372,312.225790
7.999274,312.281399
8.002177,312.330098
8.005079,312.375264
8.007982,312.388616
8.010884,312.383195
8.013787,312.333399
8.016689,312.233549
8.019592,312.076747
8.022494,311.841172
8.025397,311.521443
8.028299,311.121097
8.031202,310.581423
8.034104,310.007249
8.037007,309.301086
8.039909,308.588433
8.042812,307.850515
8.045714,307.095011
8.048617,306.344537
8.051519,305.623058
8.054422,304.937776
8.057324,304.296868
8.060227,303.725524
8.063129,303.174493
8.066032,302.771345
8.068934,302.402786
8.071837,302.117084
8.074739,301.898566
8.077642,301.731976
8.080544,301.610917
8.083447,301.521156
8.086349,301.443721
8.089252,301.358940
8.092154,301.263605
8.095057,301.131478
8.097959,300.963396
8.100862,300.757640
8.103764,300.508393
8.106667,300.210480
8.109569,299.894039
8.112472,299.546585
8.115374,299.198290
8.118277,298.854307
8.121179,298.525106
8.124082,298.218395
8.126984,297.927974
8.129887,297.698203
8.132789,297.485626
8.135692,297.310284
8.138594,297.166260
8.141497,297.045436
8.144399,296.945471
8.147302,296.870259
8.150204,296.804291
8.153107,296.754739
8.156009,296.713320
8.158912,296.677558
8.161814,296.646538
8.164717,296.617487
8.167619,296.589052
8.170522,296.557367
8.173424,296.523654
8.176327,296.486586
8.179229,296.446602
8.182132,296.404864
8.185034,296.361945
8.187937,296.317818
8.190839,296.273314
8.193741,296.227820
8.196644,296.181242
8.199546,296.133490
8.202449,296.084476
8.205351,296.034292
8.208254,295.983852
8.211156,295.936818
8.214059,295.892328
8.216961,295.852008
8.219864,295.815715
8.222766,295.782279
8.225669,295.750709
8.228571,295.720415
8.231474,295.690122
8.234376,295.659265
8.237279,295.628437
8.240181,295.597872
8.243084,295.568212
8.245986,295.540646
8.248889,295.514071
8.251791,295.492268
8.254694,295.471904
8.257596,295.453618
8.260499,295.437468
8.263401,295.422949
8.266304,295.409801
8.269206,295.400255
8.272109,295.392340
8.275011,295.388804
8.277914,295.389282
8.280816,295.393636
8.283719,295.402611
8.286621,295.417157
8.289524,295.433816
8.292426,295.453651
8.295329,295.473651
8.298231,295.493588
8.301134,295.513767
8.304036,295.534411
8.306939,295.556073
8.309841,295.584414
8.312744,295.616505
8.315646,295.659231
8.318549,295.713130
8.321451,295.778469
8.324354,295.859044
8.327256,295.960792
8.330159,296.071740
8.333061,296.219183
8.335964,296.380285
8.338866,296.562576
8.341769,296.766644
8.344671,296.988125
8.347574,297.224020
8.350476,297.491329
8.353379,297.762597
8.356281,298.044493
8.359184,298.324370
8.362086,298.599476
8.364989,298.876382
8.367891,299.156192
8.370794,299.434578
8.373696,299.709930
8.376599,299.979102
8.379501,300.240535
8.382404,300.487120
8.385306,300.714647
8.388209,300.925641
8.391111,301.079735
8.394014,301.209914
8.396916,301.263369
8.399819,301.268273
8.402721,301.224226
8.405624,301.122340
8.408526,300.967852
8.411429,300.776341
8.414331,300.513472
8.417234,300.242054
8.420136,299.918539
8.423039,299.585884
8.425941,299.239798
8.428844,298.893883
8.431746,298.555468
8.434649,298.235149
8.437551,297.940435
8.440454,297.665396
8.443356,297.451537
8.446259,297.253084
8.449161,297.099931
8.452063,296.974803
8.454966,296.873021
8.457868,296.795848
8.460771,296.740100
8.463673,296.693303
8.466576,296.664546
8.469478,296.638767
8.472381,296.615946
8.475283,296.594684
8.478186,296.573125
8.481088,296.551179
8.483991,296.526757
8.486893,296.501521
8.489796,296.474289
8.492698,296.445520
8.495601,296.415523
8.498503,296.384167
8.501406,296.351181
8.504308,296.317500
8.507211,296.281485
8.510113,296.244746
8.513016,296.207229
8.515918,296.169705
8.518821,296.132967
8.521723,296.097138
8.524626,296.066119
8.527528,296.036825
8.530431,296.011903
8.533333,295.990050
8.536236,295.970598
8.539138,295.953812
8.542041,295.940040
8.544943,295.927575
8.547846,295.919576
8.550748,295.913205
8.553651,295.909125
8.556553,295.907170
8.559456,295.906659
8.562358,295.907148
8.565261,295.908509
8.568163,295.909822
8.571066,295.910689
8.573968,295.910822
8.576871,295.910091
8.579773,295.908086
8.582676,295.904191
8.585578,295.899498
8.588481,295.891445
8.591383,295.882272
8.594286,295.871422
8.597188,295.859189
8.600091,295.846142
8.602993,295.832615
8.605896,295.819410
8.608798,295.806581
8.611701,295.795261
8.614603,295.784976
8.617506,295.775606
8.620408,295.766795
8.623311,295.757810
8.626213,295.748666
8.629116,295.736633
8.632018,295.723492
8.634921,295.708286
8.637823,295.691096
8.640726,295.672403
8.643628,295.652585
8.646531,295.631980
8.649433,295.611529
8.652336,295.592359
8.655238,295.574908
8.658141,295.559555
8.661043,295.547321
8.663946,295.539131
8.666848,295.532800
8.669751,295.533958
8.672653,295.536609
8.675556,295.542031
8.678458,295.549098
8.681361,295.556609
8.684263,295.564016
8.687166,295.569146
8.690068,295.573173
8.692971,295.574084
8.695873,295.573019
8.698776,295.570113
8.701678,295.564978
8.704580,295.557517
8.707483,295.549035
8.710385,295.536726
8.713288,295.523871
8.716190,295.509883
8.719093,295.495420
8.721995,295.481049
8.724898,295.467033
8.727800,295.454627
8.730703,295.442896
8.733605,295.432919
8.736508,295.423778
8.739410,295.415290
8.742313,295.407407
8.745215,295.399930
8.748118,295.392629
8.751020,295.385508
8.753923,295.378169
8.756825,295.370368
8.759728,295.361675
8.762630,295.351960
8.765533,295.341295
8.768435,295.329287
8.771338,295.317072
8.774240,295.305210
8.777143,295.294326
8.780045,295.284838
8.782948,295.277485
8.785850,295.272753
8.788753,295.269198
8.791655,295.270895
8.794558,295.273793
8.797460,295.279247
8.800363,295.286762
8.803265,295.295639
8.806168,295.305433
8.809070,295.315184
8.811973,295.324491
8.814875,295.331348
8.817778,295.336299
8.820680,295.339164
8.823583,295.339841
8.826485,295.338749
8.829388,295.336867
8.832290,295.334957
8.835193,295.333739
8.838095,295.333927
8.840998,295.335411
8.843900,295.337867
8.846803,295.341181
8.849705,295.345658
8.852608,295.350813
8.855510,295.358077
8.858413,295.367246
8.861315,295.378619
8.864218,295.393294
8.867120,295.412035
8.870023,295.432616
8.872925,295.466684
8.875828,295.505088
8.878730,295.553017
8.881633,295.612442
8.884535,295.682641
8.887438,295.764865
8.890340,295.871041
8.893243,295.988418
8.896145,296.139767
8.899048,296.307485
8.901950,296.495662
8.904853,296.705609
8.907755,296.933014
8.910658,297.175567
8.913560,297.436245
8.916463,297.703545
8.919365,297.975100
8.922268,298.252057
8.925170,298.533275
8.928073,298.815817
8.930975,299.099550
8.933878,299.380907
8.936780,299.663066
8.939683,299.933994
8.942585,300.193250
8.945488,300.436892
8.948390,300.659664
8.951293,300.866858
8.954195,301.022973
8.957098,301.162000
8.960000,301.242245
8.962902,301.283297
8.965805,301.279335
8.968707,301.221225
8.971610,301.113664
8.974512,300.967267
8.977415,300.745066
8.980317,300.502698
8.983220,300.195422
8.986122,299.866162
8.989025,299.513754
8.991927,299.152964
8.994830,298.793204
8.997732,298.437249
9.000635,298.098072
9.003537,297.765446
9.006440,297.493655
9.009342,297.234300
9.012245,297.014586
9.015147,296.831686
9.018050,296.679561
9.020952,296.558465
9.023855,296.474543
9.026757,296.404316
9.029660,296.360926
9.032562,296.327817
9.035465,296.303050
9.038367,296.285612
9.041270,296.271842
9.044172,296.259801
9.047075,296.247059
9.049977,296.233149
9.052880,296.216919
9.055782,296.197801
9.058685,296.175987
9.061587,296.151869
9.064490,296.123187
9.067392,296.093162
9.070295,296.060112
9.073197,296.025451
9.076100,295.989679
9.079002,295.953117
9.081905,295.916574
9.084807,295.880132
9.087710,295.846155
9.090612,295.813983
9.093515,295.784815
9.096417,295.759061
9.099320,295.736250
9.102222,295.715800
9.105125,295.699935
9.108027,295.685355
9.110930,295.673524
9.113832,295.663577
9.116735,295.655239
9.119637,295.648804
9.122540,295.644523
9.125442,295.641149
9.128345,295.640071
9.131247,295.639189
9.134150,295.638405
9.137052,295.637390
9.139955,295.635923
9.142857,295.634067
9.145760,295.631266
9.148662,295.628192
9.151565,295.624507
9.154467,295.620353
9.157370,295.615736
9.160272,295.610295
9.163175,295.603535
9.166077,295.596152
9.168980,295.584681
9.171882,295.571547
9.174785,295.555514
9.177687,295.536522
9.180590,295.515203
9.183492,295.492231
9.186395,295.468161
9.189297,295.444572
9.192200,295.423714
9.195102,295.405959
9.198005,295.391706
9.200907,295.382060
9.203810,295.377955
9.206712,295.376281
9.209615,295.381113
9.212517,295.387356
9.215420,295.395827
9.218322,295.406219
9.221224,295.417826
9.224127,295.430401
9.227029,295.444629
9.229932,295.459462
9.232834,295.475783
9.235737,295.493172
9.238639,295.511576
9.241542,295.530955
9.244444,295.551009
9.247347,295.571311
9.250249,295.590685
9.253152,295.609378
9.256054,295.626796
9.258957,295.642767
9.261859,295.657470
9.264762,295.670952
9.267664,295.681923
9.270567,295.691671
9.273469,295.697836
9.276372,295.700815
9.279274,295.700326
9.282177,295.695432
9.285079,295.685707
9.287982,295.673865
9.290884,295.655111
9.293787,295.635688
9.296689,295.615046
9.299592,295.594750
9.302494,295.575876
9.305397,295.558892
9.308299,295.546824
9.311202,295.536840
9.314104,295.532395
9.317007,295.530865
9.319909,295.531910
9.322812,295.535794
9.325714,295.542208
9.328617,295.549717
9.331519,295.561003
9.334422,295.572784
9.337324,295.585675
9.340227,295.598797
9.343129,295.611504
9.346032,295.623101
9.348934,295.630486
9.351837,295.635940
9.354739,295.635886
9.357642,295.633229
9.360544,295.628157
9.363447,295.620871
9.366349,295.612289
9.369252,295.603123
9.372154,295.593724
9.375057,295.584681
9.377959,295.576344
9.380862,295.568912
9.383764,295.562351
9.386667,295.556651
9.389569,295.552291
9.392472,295.548546
9.395374,295.546773
9.398277,295.546380
9.401179,295.547609
9.404082,295.550888
9.406984,295.556205
9.409887,295.562630
9.412789,295.572576
9.415692,295.583353
9.418594,295.596045
9.421497,295.610502
9.424399,295.626377
9.427302,295.643415
9.430204,295.661320
9.433107,295.679225
9.436009,295.695643
9.438912,295.710619
9.441814,295.723721
9.444717,295.734511
9.447619,295.743087
9.450522,295.750498
9.453424,295.755839
9.456327,295.761728
9.459229,295.769195
9.462132,295.779836
9.465034,295.794172
9.467937,295.813645
9.470839,295.843107
9.473741,295.877131
9.476644,295.929409
9.479546,295.992940
9.482449,296.071310
9.485351,296.169226
9.488254,296.286843
9.491156,296.416986
9.494059,296.589645
9.496961,296.772010
9.499864,296.973187
9.502766,297.186547
9.505669,297.406212
9.508571,297.633186
9.511474,297.875166
9.514376,298.114784
9.517279,298.356564
9.520181,298.597787
9.523084,298.837731
9.525986,299.076284
9.528889,299.310897
9.531791,299.542788
9.534694,299.758985
9.537596,299.964562
9.540499,300.153743
9.543401,300.320586
9.546304,300.465103
9.549206,300.586879
9.552109,300.663328
9.555011,300.723201
9.557914,300.729363
9.560816,300.709659
9.563719,300.658301
9.566621,300.569499
9.569524,300.447246
9.572426,300.298476
9.575329,300.101038
9.578231,299.888333
9.581134,299.632177
9.584036,299.355264
9.586939,299.057327
9.589841,298.739207
9.592744,298.408962
9.595646,298.076619
9.598549,297.750325
9.601451,297.429325
9.604354,297.154119
9.607256,296.890043
9.610159,296.666319
9.613061,296.476453
9.615964,296.316765
9.618866,296.191592
9.621769,296.102689
9.624671,296.028168
9.627574,295.998577
9.630476,295.977557
9.633379,295.971117
9.636281,295.975764
9.639184,295.986195
9.642086,296.000417
9.644989,296.015003
9.647891,296.028579
9.650794,296.038319
9.653696,296.044712
9.656599,296.047793
9.659501,296.046945
9.662404,296.041625
9.665306,296.034419
9.668209,296.021805
9.671111,296.007542
9.674014,295.991054
9.676916,295.972267
9.679819,295.951690
9.682721,295.929845
9.685624,295.906376
9.688526,295.882691
9.691429,295.858840
9.694331,295.835334
9.697234,295.812403
9.700136,295.790509
9.703039,295.770400
9.705941,295.751137
9.708844,295.736002
9.711746,295.722673
9.714649,295.712263
9.717551,295.704738
9.720454,295.699360
9.723356,295.695552
9.726259,295.693562
9.729161,295.691843
9.732063,295.690263
9.734966,295.688509
9.737868,295.686459
9.740771,295.683998
9.743673,295.680980
9.746576,295.677732
9.749478,295.674411
9.752381,295.671418
9.755283,295.669019
9.758186,295.667106
9.761088,295.665474
9.763991,295.663891
9.766893,295.661430
9.769796,295.658269
9.772698,295.652861
9.775601,295.645125
9.778503,295.634909
9.781406,295.621637
9.784308,295.604881
9.787211,295.586713
9.790113,295.566607
9.793016,295.547574
9.795918,295.530880
9.798821,295.517951
9.801723,295.509072
9.804626,295.504049
9.807528,295.506849
9.810431,295.512246
9.813333,295.523540
9.816236,295.537826
9.819138,295.554415
9.822041,295.573022
9.824943,295.592729
9.827846,295.612841
9.830748,295.632755
9.833651,295.652410
9.836553,295.671532
9.839456,295.689917
9.842358,295.707547
9.845261,295.724243
9.848163,295.738656
9.851066,295.752006
9.853968,295.762316
9.856871,295.770746
9.859773,295.777331
9.862676,295.781979
9.865578,295.785024
9.868481,295.787299
9.871383,295.787349
9.874286,295.786535
9.877188,295.783822
9.880091,295.778472
9.882993,295.770465
9.885896,295.759723
9.888798,295.743952
9.891701,295.726509
9.894603,295.705642
9.897506,295.684177
9.900408,295.662854
9.903311,295.642847
9.906213,295.625474
9.909116,295.609402
9.912018,295.599896
9.914921,295.591896
9.917823,295.587266
9.920726,295.585818
9.923628,295.586909
9.926531,295.590719
9.929433,295.599126
9.932336,295.609364
9.935238,295.624431
9.938141,295.641260
9.941043,295.659495
9.943946,295.678776
9.946848,295.698326
9.949751,295.717986
9.952653,295.736626
9.955556,295.754887
9.958458,295.772311
9.961361,295.789043
9.964263,295.805273
9.967166,295.820995
9.970068,295.835985
9.972971,295.850572
9.975873,295.863544
9.978776,295.875205
9.981678,295.885284
9.984580,295.893445
9.987483,295.899775
9.990385,295.905055
9.993288,295.907779
9.996190,295.909997
9.999093,295.911044
10.001995,295.911158
10.004898,295.910569
10.007800,295.909288
10.010703,295.907263
10.013605,295.905088
10.016508,295.903448
10.019410,295.902484
10.022313,295.902454
10.025215,295.903423
10.028118,295.905218
10.031020,295.907543
10.033923,295.910530
10.036825,295.913895
10.039728,295.918262
10.042630,295.924380
10.045533,295.932524
10.048435,295.942996
10.051338,295.956418
10.054240,295.970882
10.057143,295.986834
10.060045,296.002343
10.062948,296.016840
10.065850,296.029180
10.068753,296.038794
10.071655,296.046191
10.074558,296.047057
10.077460,296.046023
10.080363,296.040405
10.083265,296.032066
10.086168,296.021772
10.089070,296.009668
10.091973,295.996293
10.094875,295.982478
10.097778,295.968598
10.100680,295.955422
10.103583,295.943574
10.106485,295.934060
10.109388,295.927183
10.112290,295.922987
10.115193,295.925111
10.118095,295.929402
10.120998,295.938759
10.123900,295.950299
10.126803,295.963343
10.129705,295.977718
10.132608,295.992788
10.135510,296.008146
10.138413,296.024134
10.141315,296.040282
10.144218,296.056725
10.147120,296.073407
10.150023,296.090238
10.152925,296.107063
10.155828,296.123426
10.158730,296.139350
10.161633,296.153273
10.164535,296.165496
10.167438,296.175698
10.170340,296.183181
10.173243,296.187757
10.176145,296.190647
10.179048,296.187496
10.181950,296.182669
10.184853,296.173902
10.187755,296.161596
10.190658,296.146307
10.193560,296.127956
10.196463,296.106091
10.199365,296.082968
10.202268,296.057509
10.205170,296.031662
10.208073,296.005598
10.210975,295.979573
10.213878,295.953848
10.216780,295.928243
10.219683,295.902359
10.222585,295.876354
10.225488,295.849941
10.228390,295.824020
10.231293,295.798990
10.234195,295.775741
10.237098,295.756062
10.240000,295.738095
10.242902,295.727167
10.245805,295.718367
10.248707,295.712705
10.251610,295.709776
10.254512,295.708581
10.257415,295.708598
10.260317,295.709705
10.263220,295.710762
10.266122,295.711202
10.269025,295.710908
10.271927,295.709767
10.274830,295.707624
10.277732,295.704475
10.280635,295.700909
10.283537,295.697320
10.286440,295.694205
10.289342,295.692384
10.292245,295.692046
10.295147,295.693075
10.298050,295.695196
10.300952,295.698042
10.303855,295.700685
10.306757,295.701140
10.309660,295.699602
10.312562,295.695451
10.315465,295.687895
10.318367,295.676971
10.321270,295.663995
10.324172,295.645621
10.327075,295.626563
10.329977,295.605995
10.332880,295.585473
10.335782,295.565778
10.338685,295.547847
10.341587,295.533791
10.344490,295.521422
10.347392,295.515527
10.350295,295.512264
10.353197,295.512198
10.356100,295.515142
10.359002,295.520060
10.361905,295.526121
10.364807,295.533117
10.367710,295.540030
10.370612,295.546741
10.373515,295.553001
10.376417,295.558755
10.379320,295.563653
10.382222,295.566528
10.385125,295.568262
10.388027,295.565099
10.390930,295.559200
10.393832,295.549772
10.396735,295.536494
10.399637,295.520074
10.402540,295.501694
10.405442,295.481128
10.408345,295.460905
10.411247,295.442365
10.414150,295.425895
10.417052,295.411657
10.419955,295.399956
10.422857,295.390966
10.425760,295.383098
10.428662,295.377103
10.431565,295.370589
10.434467,295.362907
10.437370,295.353129
10.440272,295.340991
10.443175,295.326597
10.446077,295.307796
10.448980,295.287305
10.451882,295.263362
10.454785,295.237955
10.457687,295.211566
10.460590,295.184779
10.463492,295.158906
10.466395,295.133623
10.469297,295.113641
10.472200,295.096393
10.475102,295.083156
10.478005,295.074581
10.480907,295.070087
10.483810,295.068145
10.486712,295.072067
10.489615,295.076730
10.492517,295.082643
10.495420,295.089042
10.498322,295.095369
10.501224,295.101361
10.504127,295.106242
10.507029,295.110613
10.509932,295.113668
10.512834,295.116124
10.515737,295.117940
10.518639,295.118918
10.521542,295.119063
10.524444,295.118562
10.527347,295.115644
10.530249,295.111629
10.533152,295.105101
10.536054,295.096757
10.538957,295.087096
10.541859,295.076576
10.544762,295.066307
10.547664,295.056371
10.550567,295.049113
10.553469,295.043353
10.556372,295.039460
10.559274,295.037925
10.562177,295.038692
10.565079,295.040809
10.567982,295.048663
10.570884,295.058011
10.573787,295.070854
10.576689,295.086454
10.579592,295.103994
10.582494,295.123072
10.585397,295.143038
10.588299,295.163328
10.591202,295.182980
10.594104,295.201820
10.597007,295.219533
10.599909,295.236000
10.602812,295.251406
10.605714,295.266121
10.608617,295.279848
10.611519,295.293555
10.614422,295.307473
10.617324,295.321735
10.620227,295.336354
10.623129,295.351165
10.626032,295.365843
10.628934,295.380344
10.631837,295.393982
10.634739,295.407328
10.637642,295.420476
10.640544,295.433873
10.643447,295.447895
10.646349,295.462278
10.649252,295.478122
10.652154,295.494111
10.655057,295.510259
10.657959,295.526195
10.660862,295.541771
10.663764,295.556812
10.666667,295.570872
10.669569,295.584574
10.672472,295.596850
10.675374,295.608364
10.678277,295.618880
10.681179,295.627994
10.684082,295.635621
10.686984,295.642276
10.689887,295.645580
10.692789,295.647919
10.695692,295.648155
10.698594,295.646497
10.701497,295.643313
10.704399,295.638443
10.707302,295.630913
10.710204,295.622351
10.713107,295.611028
10.716009,295.598361
10.718912,295.584250
10.721814,295.568789
10.724717,295.552445
10.727619,295.535633
10.730522,295.519489
10.733424,295.504042
10.736327,295.490496
10.739229,295.478933
10.742132,295.469232
10.745034,295.461531
10.747937,295.456363
10.750839,295.452172
10.753741,295.450254
10.756644,295.448841
10.759546,295.447719
10.762449,295.446242
10.765351,295.443793
10.768254,295.440644
10.771156,295.434233
10.774059,295.426583
10.776961,295.415890
10.779864,295.402666
10.782766,295.387346
10.785669,295.369881
10.788571,295.350125
10.791474,295.329513
10.794376,295.307709
10.797279,295.285998
10.800181,295.264713
10.803084,295.244351
10.805986,295.225311
10.808889,295.207042
10.811791,295.191519
10.814694,295.176575
10.817596,295.162887
10.820499,295.150436
10.823401,295.138965
10.826304,295.128385
10.829206,295.119062
10.832109,295.110179
10.835011,295.102415
10.837914,295.095405
10.840816,295.089235
10.843719,295.084408
10.846621,295.081331
10.849524,295.079095
10.852426,295.081681
10.855329,295.085536
10.858231,295.091724
10.861134,295.100321
10.864036,295.110840
10.866939,295.122968
10.869841,295.138014
10.872744,295.153925
10.875646,295.171832
10.878549,295.191003
10.881451,295.211187
10.884354,295.232642
10.887256,295.255685
10.890159,295.279443
10.893061,295.306233
10.895964,295.334106
10.898866,295.363538
10.901769,295.394607
10.904671,295.426966
10.907574,295.460419
10.910476,295.496943
10.913379,295.534580
10.916281,295.575117
10.919184,295.617769
10.922086,295.662179
10.924989,295.708292
10.927891,295.755823
10.930794,295.803930
10.933696,295.853464
10.936599,295.903643
10.939501,295.954976
10.942404,296.008157
10.945306,296.063277
10.948209,296.120039
10.951111,296.180920
10.954014,296.243254
10.956916,296.309941
10.959819,296.380022
10.962721,296.453646
10.965624,296.530788
10.968526,296.610577
10.971429,296.691514
10.974331,296.769876
10.977234,296.845312
10.980136,296.914287
10.983039,296.974705
10.985941,297.026649
10.988844,297.069671
10.991746,297.097387
10.994649,297.119483
10.997551,297.127689
11.000454,297.130208
11.003356,297.127667
11.006259,297.119949
11.009161,297.108347
11.012063,297.094635
11.014966,297.076602
11.017868,297.058460
11.020771,297.040262
11.023673,297.023401
11.026576,297.008512
11.029478,296.996519
11.032381,296.989982
11.035283,296.985859
11.038186,296.990736
11.041088,296.999673
11.043991,297.013918
11.046893,297.034223
11.049796,297.059701
11.052698,297.088935
11.055601,297.124939
11.058503,297.162187
11.061406,297.201502
11.064308,297.240887
11.067211,297.279542
11.070113,297.316796
11.073016,297.351826
11.075918,297.385981
11.078821,297.418800
11.081723,297.451919
11.084626,297.485742
11.087528,297.520326
11.090431,297.555582
11.093333,297.591154
11.096236,297.626068
11.099138,297.660396
11.102041,297.691937
11.104943,297.721542
11.107846,297.748779
11.110748,297.773396
11.113651,297.795834
11.116553,297.816947
11.119456,297.835122
11.122358,297.852682
11.125261,297.868772
11.128163,297.883949
11.131066,297.898477
11.133968,297.912553
11.136871,297.926639
11.139773,297.940819
11.142676,297.958012
11.145578,297.977070
11.148481,297.999752
11.151383,298.026525
11.154286,298.056879
11.157188,298.090582
11.160091,298.129342
11.162993,298.169746
11.165896,298.214077
11.168798,298.259750
11.171701,298.306643
11.174603,298.354518
11.177506,298.402778
11.180408,298.451196
11.183311,298.499861
11.186213,298.548840
11.189116,298.599057
11.192018,298.651370
11.194921,298.706268
11.197823,298.765374
11.200726,298.830315
11.203628,298.898110
11.206531,298.979521
11.209433,299.063071
11.212336,299.152633
11.215238,299.242522
11.218141,299.329527
11.221043,299.396593
11.223946,0.000000
11.226848,0.000000
11.229751,0.000000
11.232653,0.000000
11.235556,0.000000
11.238458,0.000000
11.241361,0.000000
11.244263,0.000000
11.247166,0.000000
11.250068,0.000000
11.252971,0.000000
11.255873,0.000000
11.258776,0.000000
11.261678,0.000000
11.264580,0.000000
11.267483,0.000000
11.270385,0.000000
11.273288,0.000000
11.276190,0.000000
11.279093,0.000000
11.281995,0.000000
11.284898,0.000000
11.287800,0.000000
11.290703,0.000000
11.293605,0.000000
11.296508,0.000000
11.299410,0.000000
11.302313,0.000000
11.305215,0.000000
11.308118,0.000000
11.311020,0.000000
11.313923,0.000000
11.316825,0.000000
11.319728,0.000000
11.322630,0.000000
11.325533,0.000000
11.328435,0.000000
11.331338,0.000000
11.334240,0.000000
11.337143,0.000000
11.340045,0.000000
11.342948,0.000000
11.345850,0.000000
11.348753,0.000000
11.351655,0.000000
11.354558,0.000000
11.357460,0.000000
11.360363,0.000000
11.363265,0.000000
11.366168,0.000000
11.369070,0.000000
11.371973,0.000000
11.374875,0.000000
11.377778,0.000000
11.380680,0.000000
11.383583,0.000000
11.386485,0.000000
11.389388,0.000000
11.392290,0.000000
11.395193,0.000000
11.398095,0.000000
11.400998,0.000000
11.403900,0.000000
11.406803,0.000000
11.409705,0.000000
11.412608,0.000000
11.415510,0.000000
11.418413,0.000000
11.421315,0.000000
11.424218,0.000000
11.427120,0.000000
11.430023,0.000000
11.432925,0.000000
11.435828,0.000000
11.438730,0.000000
11.441633,0.000000
11.444535,0.000000
11.447438,0.000000
11.450340,0.000000
11.453243,0.000000
11.456145,0.000000
11.459048,0.000000
11.461950,0.000000
11.464853,0.000000
11.467755,0.000000
11.470658,0.000000
11.473560,0.000000
11.476463,0.000000
11.479365,0.000000
11.482268,0.000000
11.485170,0.000000
11.488073,0.000000
11.490975,0.000000
11.493878,0.000000
11.496780,0.000000
11.499683,0.000000
11.502585,0.000000
11.505488,0.000000
11.508390,0.000000
11.511293,0.000000
11.514195,0.000000
11.517098,0.000000
11.520000,0.000000
11.522902,0.000000
11.525805,0.000000
11.528707,0.000000
11.531610,0.000000
11.534512,0.000000
11.537415,0.000000
11.540317,0.000000
11.543220,0.000000
11.546122,0.000000
11.549025,0.000000
11.551927,0.000000
11.554830,0.000000
11.557732,0.000000
11.560635,0.000000
11.563537,0.000000
11.566440,0.000000
11.569342,0.000000
11.572245,0.000000
11.575147,0.000000
11.578050,0.000000
11.580952,0.000000
11.583855,0.000000
11.586757,0.000000
11.589660,0.000000
11.592562,0.000000
11.595465,0.000000
11.598367,0.000000
11.601270,0.000000
11.604172,0.000000
11.607075,0.000000
11.609977,0.000000
11.612880,0.000000
11.615782,0.000000
11.618685,0.000000
11.621587,0.000000
11.624490,0.000000
11.627392,0.000000
11.630295,0.000000
11.633197,0.000000
11.636100,0.000000
11.639002,0.000000
11.641905,0.000000
11.644807,0.000000
11.647710,0.000000
11.650612,0.000000
11.653515,0.000000
11.656417,0.000000
11.659320,0.000000
11.662222,0.000000
11.665125,0.000000
11.668027,0.000000
11.670930,0.000000
11.673832,0.000000
11.676735,0.000000
11.679637,0.000000
11.682540,0.000000
11.685442,0.000000
11.688345,0.000000
11.691247,0.000000
11.694150,0.000000
11.697052,0.000000
11.699955,0.000000
11.702857,0.000000
11.705760,0.000000
11.708662,0.000000
11.711565,0.000000
11.714467,0.000000
11.717370,0.000000
11.720272,0.000000
11.723175,0.000000
11.726077,0.000000
11.728980,0.000000
11.731882,0.000000
11.734785,0.000000
11.737687,0.000000
11.740590,0.000000
11.743492,0.000000
11.746395,0.000000
11.749297,0.000000
11.752200,0.000000
11.755102,0.000000
11.758005,0.000000
11.760907,0.000000
11.763810,0.000000
11.766712,0.000000
11.769615,0.000000
11.772517,0.000000
11.775420,0.000000
11.778322,0.000000
11.781224,0.000000
11.784127,0.000000
11.787029,0.000000
11.789932,0.000000
11.792834,0.000000
11.795737,0.000000
11.798639,0.000000
11.801542,0.000000
11.804444,0.000000
11.807347,0.000000
11.810249,0.000000
11.813152,0.000000
11.816054,0.000000
11.818957,0.000000
11.821859,0.000000
11.824762,0.000000
11.827664,0.000000
11.830567,0.000000
11.833469,0.000000
11.836372,0.000000
11.839274,0.000000
11.842177,0.000000
11.845079,0.000000
11.847982,0.000000
11.850884,0.000000
11.853787,0.000000
11.856689,0.000000
11.859592,0.000000
11.862494,0.000000
11.865397,0.000000
11.868299,0.000000
11.871202,0.000000
11.874104,0.000000
11.877007,0.000000
11.879909,0.000000
11.882812,0.000000
11.885714,0.000000
11.888617,0.000000
11.891519,0.000000
11.894422,0.000000
11.897324,0.000000
11.900227,0.000000
11.903129,0.000000
11.906032,0.000000
11.908934,0.000000
11.911837,0.000000
11.914739,0.000000
11.917642,0.000000
11.920544,0.000000
11.923447,0.000000
11.926349,0.000000
11.929252,0.000000
11.932154,0.000000
11.935057,0.000000
11.937959,0.000000
11.940862,0.000000
11.943764,0.000000
11.946667,0.000000
11.949569,0.000000
11.952472,0.000000
11.955374,0.000000
11.958277,0.000000
11.961179,0.000000
11.964082,0.000000
11.966984,0.000000
11.969887,0.000000
11.972789,0.000000
11.975692,0.000000
11.978594,0.000000
11.981497,0.000000
11.984399,0.000000
11.987302,0.000000
11.990204,0.000000
11.993107,0.000000
11.996009,0.000000
11.998912,0.000000
12.001814,0.000000
12.004717,0.000000
12.007619,0.000000
12.010522,0.000000
12.013424,0.000000
12.016327,0.000000
12.019229,0.000000
12.022132,0.000000
12.025034,0.000000
12.027937,0.000000
12.030839,0.000000
12.033741,0.000000
12.036644,0.000000
12.039546,0.000000
12.042449,0.000000
12.045351,0.000000
12.048254,0.000000
12.051156,0.000000
12.054059,0.000000
12.056961,0.000000
12.059864,0.000000
12.062766,0.000000
12.065669,395.325661
12.068571,395.435434
12.071474,395.541680
12.074376,395.641240
12.077279,395.726965
12.080181,395.799701
12.083084,395.848702
12.085986,395.886410
12.088889,395.890472
12.091791,395.888900
12.094694,395.873252
12.097596,395.857392
12.100499,395.847672
12.103401,395.844214
12.106304,395.857511
12.109206,395.875598
12.112109,395.912628
12.115011,395.952052
12.117914,395.996058
12.120816,396.040194
12.123719,396.080340
12.126621,396.118235
12.129524,396.140780
12.132426,396.159068
12.135329,396.161168
12.138231,396.155918
12.141134,396.140955
12.144036,396.120718
12.146939,396.092544
12.149841,396.062481
12.152744,396.027520
12.155646,395.991074
12.158549,395.951927
12.161451,395.910948
12.164354,395.867427
12.167256,395.822900
12.170159,395.776993
12.173061,395.731506
12.175964,395.688741
12.178866,395.648428
12.181769,395.612485
12.184671,395.579593
12.187574,395.552751
12.190476,395.527742
12.193379,395.509398
12.196281,395.492920
12.199184,395.480207
12.202086,395.469905
12.204989,395.463455
12.207891,395.458139
12.210794,395.460420
12.213696,395.464512
12.216599,395.474795
12.219501,395.489387
12.222404,395.511121
12.225306,395.536184
12.228209,395.571583
12.231111,395.609038
12.234014,395.652503
12.236916,395.698100
12.239819,395.745738
12.242721,395.794032
12.245624,395.841843
12.248526,395.889422
12.251429,395.935856
12.254331,395.981930
12.257234,396.027455
12.260136,396.072860
12.263039,396.118698
12.265941,396.164730
12.268844,396.215307
12.271746,396.267483
12.274649,396.325107
12.277551,396.386200
12.280454,396.452841
12.283356,396.521697
12.286259,396.591247
12.289161,396.658259
12.292063,396.711031
12.294966,396.749732
12.297868,396.758234
12.300771,396.739697
12.303673,396.646067
12.306576,396.524303
12.309478,396.250298
12.312381,395.906347
12.315283,395.400783
12.318186,394.771515
12.321088,393.915327
12.323991,392.984978
12.326893,391.698737
12.329796,390.360388
12.332698,388.830315
12.335601,387.235817
12.338503,385.588911
12.341406,383.933026
12.344308,382.391736
12.347211,380.831751
12.350113,379.384267
12.353016,378.016504
12.355918,376.768633
12.358821,375.529391
12.361723,374.202704
12.364626,372.761292
12.367528,371.081917
12.370431,369.268413
12.373333,367.284695
12.376236,365.297180
12.379138,363.392174
12.382041,361.499820
12.384943,359.691870
12.387846,358.127932
12.390748,356.860575
12.393651,355.826417
12.396553,355.018808
12.399456,354.361927
12.402358,353.862599
12.405261,353.455437
12.408163,353.156829
12.411066,352.909758
12.413968,352.735684
12.416871,352.590212
12.419773,352.499180
12.422676,352.423307
12.425578,352.395710
12.428481,352.374863
12.431383,352.393629
12.434286,352.414429
12.437188,352.459553
12.440091,352.505367
12.442993,352.558777
12.445896,352.612020
12.448798,352.660566
12.451701,352.705849
12.454603,352.739520
12.457506,352.766452
12.460408,352.779879
12.463311,352.784790
12.466213,352.777763
12.469116,352.763354
12.472018,352.742157
12.474921,352.716606
12.477823,352.687898
12.480726,352.657168
12.483628,352.625372
12.486531,352.593146
12.489433,352.561125
12.492336,352.529863
12.495238,352.499981
12.498141,352.471800
12.501043,352.445868
12.503946,352.421874
12.506848,352.399724
12.509751,352.379060
12.512653,352.359884
12.515556,352.342068
12.518458,352.326352
12.521361,352.312552
12.524263,352.302535
12.527166,352.295379
12.530068,352.293940
12.532971,352.295966
12.535873,352.305070
12.538776,352.317104
12.541678,352.334788
12.544580,352.354056
12.547483,352.376269
12.550385,352.399074
12.553288,352.422712
12.556190,352.446375
12.559093,352.469398
12.561995,352.492328
12.564898,352.515441
12.567800,352.538711
12.570703,352.566285
12.573605,352.595709
12.576508,352.637198
12.579410,352.684018
12.582313,352.748996
12.585215,352.824678
12.588118,352.923953
12.591020,353.041057
12.593923,353.187266
12.596825,353.356862
12.599728,353.557931
12.602630,353.787113
12.605533,354.049145
12.608435,354.343543
12.611338,354.673576
12.614240,355.029223
12.617143,355.403220
12.620045,355.776021
12.622948,356.126798
12.625850,356.432779
12.628753,356.643877
12.631655,356.759591
12.634558,356.661334
12.637460,356.456898
12.640363,355.873813
12.643265,355.216199
12.646168,353.949314
12.649070,352.628054
12.651973,350.626356
12.654875,348.552456
12.657778,345.921244
12.660680,343.195396
12.663583,340.071535
12.666485,336.917300
12.669388,333.707415
12.672290,330.531204
12.675193,327.733669
12.678095,324.862313
12.680998,322.695257
12.683900,320.558139
12.686803,318.858656
12.689705,317.469342
12.692608,316.359815
12.695510,315.523714
12.698413,314.890991
12.701315,314.426036
12.704218,314.149450
12.707120,313.929293
12.710023,313.899286
12.712925,313.892960
12.715828,313.958708
12.718730,314.059252
12.721633,314.182096
12.724535,314.317472
12.727438,314.451257
12.730340,314.580039
12.733243,314.693199
12.736145,314.801432
12.739048,314.875000
12.741950,314.942093
12.744853,314.981992
12.747755,315.007167
12.750658,315.014584
12.753560,315.006127
12.756463,314.985687
12.759365,314.955169
12.762268,314.918194
12.765170,314.878159
12.768073,314.836984
12.770975,314.795863
12.773878,314.759110
12.776780,314.723951
12.779683,314.693467
12.782585,314.666467
12.785488,314.643228
12.788390,314.624021
12.791293,314.608152
12.794195,314.595377
12.797098,314.585949
12.800000,314.578058
12.802902,314.573323
12.805805,314.569143
12.808707,314.567122
12.811610,314.565743
12.814512,314.565487
12.817415,314.565961
12.820317,314.566962
12.823220,314.568332
12.826122,314.569782
12.829025,314.570912
12.831927,314.570946
12.834830,314.570508
12.837732,314.566271
12.840635,314.561216
12.843537,314.551889
12.846440,314.540346
12.849342,314.525475
12.852245,314.507586
12.855147,314.487127
12.858050,314.464192
12.860952,314.439348
12.863855,314.413333
12.866757,314.386194
12.869660,314.358806
12.872562,314.331982
12.875465,314.305459
12.878367,314.280449
12.881270,314.256906
12.884172,314.235462
12.887075,314.216690
12.889977,314.200582
12.892880,314.187413
12.895782,314.177545
12.898685,314.169531
12.901587,314.165348
12.904490,314.161925
12.907392,314.161682
12.910295,314.162261
12.913197,314.164512
12.916100,314.167981
12.919002,314.172606
12.921905,314.178342
12.924807,314.184894
12.927710,314.192026
12.930612,314.199429
12.933515,314.206812
12.936417,314.213488
12.939320,314.219871
12.942222,314.224944
12.945125,314.229408
12.948027,314.232926
12.950930,314.235498
12.953832,314.237191
12.956735,314.237862
12.959637,314.237518
12.962540,314.236316
12.965442,314.233607
12.968345,314.230519
12.971247,314.225441
12.974150,314.220226
12.977052,314.214483
12.979955,314.208867
12.982857,314.203781
12.985760,314.199620
12.988662,314.196592
12.991565,314.195095
12.994467,314.195602
12.997370,314.197380
13.000272,314.202430
13.003175,314.208214
13.006077,314.217519
13.008980,314.227894
13.011882,314.240509
13.014785,314.254594
13.017687,314.269947
13.020590,314.286410
13.023492,314.303531
13.026395,314.321014
13.029297,314.338481
13.032200,314.355823
13.035102,314.371138
13.038005,314.385764
13.040907,314.397038
13.043810,314.406359
13.046712,314.412442
13.049615,314.415155
13.052517,314.414619
13.055420,314.410817
13.058322,314.404355
13.061224,314.396102
13.064127,314.385629
13.067029,314.374699
13.069932,314.362718
13.072834,314.350822
13.075737,314.339398
13.078639,314.328621
13.081542,314.318849
13.084444,314.310502
13.087347,314.303673
13.090249,314.298622
13.093152,314.295733
13.096054,314.294133
13.098957,314.296007
13.101859,314.298509
13.104762,314.304090
13.107664,314.310186
13.110567,314.317110
13.113469,314.324128
13.116372,314.330792
13.119274,314.336979
13.122177,314.342659
13.125079,314.348132
13.127982,314.353943
13.130884,314.360008
13.133787,314.368472
13.136689,314.377548
13.139592,314.389754
13.142494,314.403317
13.145397,314.418788
13.148299,314.435404
13.151202,314.452542
13.154104,314.469561
13.157007,314.485722
13.159909,314.501061
13.162812,314.514547
13.165714,314.527605
13.168617,314.543261
13.171519,314.561340
13.174422,314.589690
13.177324,314.629161
13.180227,314.686332
13.183129,314.768686
13.186032,314.878256
13.188934,315.021839
13.191837,315.206487
13.194739,315.417241
13.197642,315.679213
13.200544,315.949976
13.203447,316.210592
13.206349,316.450907
13.209252,316.625069
13.212154,316.716445
13.215057,316.691809
13.217959,316.609611
13.220862,316.458395
13.223764,316.265141
13.226667,316.052774
13.229569,315.833622
13.232472,315.626405
13.235374,315.427711
13.238277,315.252703
13.241179,315.082166
13.244082,314.915222
13.246984,314.747825
13.249887,314.577197
13.252789,314.406833
13.255692,314.238948
13.258594,314.079937
13.261497,313.935160
13.264399,313.806572
13.267302,313.711910
13.270204,313.626686
13.273107,313.597904
13.276009,313.575960
13.278912,313.581507
13.281814,313.598668
13.284717,313.626814
13.287619,313.661239
13.290522,313.697253
13.293424,313.731123
13.296327,313.757969
13.299229,313.778556
13.302132,313.782221
13.305034,313.782137
13.307937,313.756059
13.310839,313.725592
13.313741,313.682125
13.316644,313.631670
13.319546,313.574927
13.322449,313.513534
13.325351,313.449913
13.328254,313.386148
13.331156,313.325707
13.334059,313.267527
13.336961,313.221046
13.339864,313.177599
13.342766,313.148948
13.345669,313.126322
13.348571,313.113770
13.351474,313.110090
13.354376,313.113881
13.357279,313.125800
13.360181,313.145192
13.363084,313.169183
13.365986,313.199944
13.368889,313.231935
13.371791,313.263673
13.374694,313.292520
13.377596,313.312798
13.380499,313.323479
13.383401,313.322843
13.386304,313.309853
13.389206,313.286401
13.392109,313.255172
13.395011,313.215963
13.397914,313.174673
13.400816,313.133219
13.403719,313.092960
13.406621,313.057597
13.409524,313.026130
13.412426,312.999844
13.415329,312.979705
13.418231,312.965278
13.421134,312.956810
13.424036,312.955153
13.426939,312.957098
13.429841,312.970344
13.432744,312.986346
13.435646,313.015052
13.438549,313.049468
13.441451,313.093740
13.444354,313.146552
13.447256,313.206772
13.450159,313.273670
13.453061,313.344883
13.455964,313.416455
13.458866,313.479851
13.461769,313.540765
13.464671,313.560361
13.467574,313.563626
13.470476,313.510206
13.473379,313.404671
13.476281,313.230641
13.479184,312.968089
13.482086,312.617633
13.484989,312.164231
13.487891,311.583667
13.490794,310.932028
13.493696,310.137613
13.496599,309.323993
13.499501,308.500626
13.502404,307.727347
13.505306,307.107005
13.508209,306.599790
13.511111,306.212592
13.514014,306.026027
13.516916,306.296638
13.519819,306.650636
13.522721,307.584258
13.525624,308.578356
13.528526,310.283151
13.531429,312.637645
13.534331,316.671431
13.537234,320.230813
13.540136,325.417987
13.543039,330.849965
13.545941,336.459058
13.548844,343.435108
13.551746,353.864014
13.554649,361.762615
13.557551,369.176884
13.560454,376.069453
13.563356,381.759504
13.566259,386.755712
13.569161,390.626285
13.572063,393.947475
13.574966,396.054788
13.577868,397.829808
13.580771,398.683252
13.583673,399.272334
13.586576,399.450122
13.589478,399.405104
13.592381,399.127923
13.595283,398.783558
13.598186,398.330563
13.601088,397.885996
13.603991,397.473631
13.606893,397.091380
13.609796,396.767214
13.612698,396.475105
13.615601,396.264072
13.618503,396.073233
13.621406,395.943566
13.624308,395.834948
13.627211,395.756475
13.630113,395.694303
13.633016,395.651943
13.635918,395.614917
13.638821,395.589979
13.641723,395.565762
13.644626,395.542518
13.647528,395.518867
13.650431,395.493235
13.653333,395.466564
13.656236,395.435376
13.659138,395.403149
13.662041,395.367089
13.664943,395.329668
13.667846,395.290399
13.670748,395.250367
13.673651,395.210311
13.676553,395.170587
13.679456,395.135165
13.682358,395.101633
13.685261,395.072967
13.688163,395.047720
13.691066,395.028012
13.693968,395.010642
13.696871,395.001007
13.699773,394.992858
13.702676,394.989591
13.705578,394.988420
13.708481,394.989992
13.711383,394.992911
13.714286,394.997362
13.717188,395.002099
13.720091,395.006742
13.722993,395.010938
13.725896,395.013953
13.728798,395.015797
13.731701,395.015188
13.734603,395.013619
13.737506,395.006955
13.740408,394.999061
13.743311,394.986933
13.746213,394.972693
13.749116,394.955582
13.752018,394.937459
13.754921,394.919763
13.757823,394.902986
13.760726,394.893007
13.763628,394.887928
13.766531,394.893725
13.769433,394.909332
13.772336,394.945399
13.775238,394.987222
13.778141,395.076792
13.781043,395.179840
13.783946,395.330412
13.786848,395.512907
13.789751,395.746678
13.792653,396.006687
13.795556,396.345596
13.798458,396.706116
13.801361,397.133688
13.804263,397.590533
13.807166,398.089146
13.810068,398.610218
13.812971,399.158570
13.815873,399.709606
13.818776,400.245863
13.821678,400.757409
13.824580,401.215727
13.827483,401.636698
13.830385,401.978993
13.833288,402.294180
13.836190,402.520023
13.839093,402.713995
13.841995,402.844853
13.844898,402.934331
13.847800,402.921764
13.850703,402.871545
13.853605,402.678102
13.856508,402.422560
13.859410,402.051151
13.862313,401.621412
13.865215,401.093325
13.868118,400.545596
13.871020,399.972555
13.873923,399.404141
13.876825,398.864303
13.879728,398.350297
13.882630,397.918211
13.885533,397.513911
13.888435,397.213456
13.891338,396.947541
13.894240,396.742938
13.897143,396.569813
13.900045,396.431634
13.902948,396.302967
13.905850,396.195433
13.908753,396.093736
13.911655,396.003821
13.914558,395.922674
13.917460,395.858719
13.920363,395.800159
13.923265,395.769188
13.926168,395.744021
13.929070,395.734059
13.931973,395.731313
13.934875,395.735701
13.937778,395.742357
13.940680,395.749069
13.943583,395.754552
13.946485,395.755341
13.949388,395.752430
13.952290,395.742909
13.955193,395.729487
13.958095,395.705419
13.960998,395.678482
13.963900,395.641417
13.966803,395.600684
13.969705,395.554146
13.972608,395.504446
13.975510,395.450800
13.978413,395.396076
13.981315,395.338724
13.984218,395.281628
13.987120,395.225684
13.990023,395.171475
13.992925,395.121236
13.995828,395.072999
13.998730,395.033813
14.001633,394.997248
14.004535,394.970667
14.007438,394.949126
14.010340,394.935188
14.013243,394.925782
14.016145,394.924311
14.019048,394.924905
14.021950,394.931910
14.024853,394.940700
14.027755,394.953131
14.030658,394.968168
14.033560,394.987341
14.036463,395.008064
14.039365,395.033893
14.042268,395.060000
14.045170,395.086411
14.048073,395.112139
14.050975,395.135801
14.053878,395.157944
14.056780,395.175396
14.059683,395.191499
14.062585,395.202130
14.065488,395.210882
14.068390,395.216198
14.071293,395.219622
14.074195,395.220943
14.077098,395.221704
14.080000,395.225145
14.082902,395.230774
14.085805,395.244338
14.088707,395.265592
14.091610,395.301886
14.094512,395.347726
14.097415,395.430056
14.100317,395.525101
14.103220,395.670362
14.106122,395.844770
14.109025,396.072346
14.111927,396.339635
14.114830,396.696253
14.117732,397.079904
14.120635,397.566750
14.123537,398.079180
14.126440,398.647126
14.129342,399.240660
14.132245,399.855522
14.135147,400.473027
14.138050,401.036893
14.140952,401.559261
14.143855,401.951028
14.146757,402.227905
14.149660,402.267153
14.152562,402.214620
14.155465,401.664253
14.158367,400.995554
14.161270,399.964717
14.164172,398.719136
14.167075,397.143172
14.169977,395.446490
14.172880,393.397144
14.175782,391.316516
14.178685,389.217538
14.181587,387.080574
14.184490,385.030704
14.187392,383.136029
14.190295,381.491546
14.193197,380.041804
14.196100,378.925669
14.199002,377.870321
14.201905,377.173596
14.204807,376.536300
14.207710,376.085813
14.210612,375.719423
14.213515,375.448706
14.216417,375.233116
14.219320,375.071635
14.222222,374.931640
14.225125,374.827764
14.228027,374.728922
14.230930,374.648680
14.233832,374.572201
14.236735,374.506383
14.239637,374.445915
14.242540,374.391915
14.245442,374.342209
14.248345,374.296400
14.251247,374.252552
14.254150,374.210437
14.257052,374.168598
14.259955,374.125638
14.262857,374.082493
14.265760,374.038224
14.268662,373.994080
14.271565,373.950850
14.274467,373.909155
14.277370,373.870544
14.280272,373.835161
14.283175,373.804750
14.286077,373.777938
14.288980,373.757945
14.291882,373.740158
14.294785,373.732125
14.297687,373.725590
14.300590,373.727649
14.303492,373.732185
14.306395,373.741934
14.309297,373.754747
14.312200,373.771145
14.315102,373.790362
14.318005,373.813011
14.320907,373.838052
14.323810,373.867655
14.326712,373.898559
14.329615,373.936046
14.332517,373.974480
14.335420,374.018191
14.338322,374.062788
14.341224,374.108252
14.344127,374.153026
14.347029,374.195531
14.349932,374.235183
14.352834,374.269871
14.355737,374.301013
14.358639,374.323971
14.361542,374.344883
14.364444,374.353260
14.367347,374.359428
14.370249,374.353486
14.373152,374.342660
14.376054,374.322880
14.378957,374.297557
14.381859,374.266482
14.384762,374.233167
14.387664,374.200444
14.390567,374.170802
14.393469,374.159822
14.396372,374.153174
14.399274,374.209149
14.402177,374.287477
14.405079,374.465451
14.407982,374.716711
14.410884,375.105914
14.413787,375.622001
14.416689,376.319930
14.419592,377.164308
14.422494,378.279477
14.425397,379.507585
14.428299,381.163616
14.431202,382.889247
14.434104,385.036059
14.437007,387.252901
14.439909,389.648228
14.442812,392.116175
14.445714,394.574182
14.448617,396.966520
14.451519,399.095561
14.454422,400.860344
14.457324,402.140835
14.460227,403.229698
14.463129,403.899392
14.466032,404.423671
14.468934,404.453816
14.471837,404.408655
14.474739,404.148725
14.477642,403.805495
14.480544,403.370960
14.483447,402.905674
14.486349,402.393515
14.489252,401.865599
14.492154,401.318446
14.495057,400.764504
14.497959,400.208602
14.500862,399.658148
14.503764,399.145345
14.506667,398.657386
14.509569,398.235148
14.512472,397.859344
14.515374,397.572728
14.518277,397.321495
14.521179,397.186016
14.524082,397.069026
14.526984,397.000560
14.529887,396.949572
14.532789,396.914408
14.535692,396.884884
14.538594,396.855830
14.541497,396.826100
14.544399,396.793343
14.547302,396.760810
14.550204,396.730566
14.553107,396.702047
14.556009,396.683185
14.558912,396.666200
14.561814,396.654200
14.564717,396.643365
14.567619,396.632912
14.570522,396.622297
14.573424,396.609189
14.576327,396.595139
14.579229,396.577817
14.582132,396.558832
14.585034,396.537032
14.587937,396.513343
14.590839,396.485887
14.593741,396.457447
14.596644,396.426167
14.599546,396.394506
14.602449,396.362401
14.605351,396.330553
14.608254,396.300140
14.611156,396.270205
14.614059,396.245839
14.616961,396.223354
14.619864,396.207093
14.622766,396.195665
14.625669,396.192657
14.628571,396.193645
14.631474,396.205650
14.634376,396.219745
14.637279,396.239564
14.640181,396.260936
14.643084,396.283563
14.645986,396.306196
14.648889,396.326637
14.651791,396.346182
14.654694,396.359376
14.657596,396.370045
14.660499,396.374670
14.663401,396.375043
14.666304,396.368611
14.669206,396.359816
14.672109,396.344295
14.675011,396.328786
14.677914,396.314080
14.680816,396.303695
14.683719,396.304387
14.686621,396.314593
14.689524,396.365661
14.692426,396.434109
14.695329,396.579881
14.698231,396.780593
14.701134,397.094089
14.704036,397.489520
14.706939,398.068665
14.709841,398.710539
14.712744,399.634456
14.715646,400.651109
14.718549,401.865442
14.721451,403.194582
14.724354,404.667468
14.727256,406.202352
14.730159,407.714037
14.733061,409.107504
14.735964,410.001092
14.738866,410.372216
14.741769,409.645899
14.744671,408.130992
14.747574,403.424604
14.750476,398.072736
14.753379,390.239737
14.756281,380.433616
14.759184,366.626124
14.762086,352.406823
14.764989,339.271628
14.767891,322.797343
14.770794,302.190673
14.773696,279.899540
14.776599,265.069043
14.779501,250.843623
14.782404,237.129754
14.785306,225.078587
14.788209,215.019809
14.791111,207.081404
14.794014,201.679280
14.796916,197.241270
14.799819,195.516469
14.802721,194.147612
14.805624,193.839535
14.808526,193.905668
14.811429,194.368438
14.814331,195.043523
14.817234,195.796892
14.820136,196.571070
14.823039,197.322427
14.825941,197.984581
14.828844,198.567839
14.831746,199.051606
14.834649,199.407332
14.837551,199.700241
14.840454,199.828876
14.843356,199.923196
14.846259,199.904366
14.849161,199.862331
14.852063,199.775255
14.854966,199.672128
14.857868,199.556759
14.860771,199.440974
14.863673,199.325668
14.866576,199.225855
14.869478,199.132671
14.872381,199.056982
14.875283,198.994552
14.878186,198.944386
14.881088,198.911150
14.883991,198.883194
14.886893,198.865975
14.889796,198.848947
14.892698,198.832400
14.895601,198.815000
14.898503,198.796884
14.901406,198.778140
14.904308,198.759323
14.907211,198.742066
14.910113,198.726077
14.913016,198.712918
14.915918,198.702714
14.918821,198.694781
14.921723,198.690292
14.924626,198.686626
14.927528,198.683725
14.930431,198.680634
14.933333,198.677181
14.936236,198.673145
14.939138,198.668732
14.942041,198.663498
14.944943,198.658107
14.947846,198.652465
14.950748,198.647374
14.953651,198.643093
14.956553,198.641693
14.959456,198.641693
14.962358,198.649736
14.965261,198.659947
14.968163,198.676588
14.971066,198.694950
14.973968,198.715095
14.976871,198.733612
14.979773,198.751267
14.982676,198.760009
14.985578,198.762998
14.988481,198.753205
14.991383,198.726075
14.994286,198.686750
14.997188,198.608214
15.000091,198.516444
15.002993,198.381529
15.005896,198.230927
15.008798,198.058585
15.011701,197.878236
15.014603,197.694266
15.017506,197.549347
15.020408,197.435309
15.023311,197.417382
15.026213,197.532301
15.029116,197.779662
15.032018,198.429897
15.034921,199.270482
15.037823,201.030076
15.040726,203.330381
15.043628,206.261875
15.046531,210.133174
15.049433,214.492845
15.052336,219.292789
15.055238,224.296637
15.058141,229.797517
15.061043,243.106033
15.063946,251.787649
15.066848,259.974538
15.069751,268.208294
15.072653,276.120215
15.075556,282.893231
15.078458,287.731736
15.081361,292.552522
15.084263,295.674330
15.087166,298.256437
15.090068,300.086041
15.092971,301.132358
15.095873,301.637549
15.098776,301.734953
15.101678,301.358252
15.104580,300.868941
15.107483,300.148393
15.110385,299.422203
15.113288,298.703655
15.116190,298.019655
15.119093,297.387502
15.121995,296.832966
15.124898,296.376291
15.127800,295.959478
15.130703,295.712659
15.133605,295.495369
15.136508,295.349275
15.139410,295.258764
15.142313,295.204896
15.145215,295.181495
15.148118,295.183464
15.151020,295.192523
15.153923,295.209186
15.156825,295.225804
15.159728,295.240259
15.162630,295.250450
15.165533,295.254531
15.168435,295.255704
15.171338,295.241849
15.174240,295.223307
15.177143,295.194567
15.180045,295.155885
15.182948,295.109337
15.185850,295.055656
15.188753,294.991581
15.191655,294.924733
15.194558,294.853484
15.197460,294.782283
15.200363,294.712579
15.203265,294.646550
15.206168,294.586953
15.209070,294.530430
15.211973,294.490051
15.214875,294.454548
15.217778,294.427643
15.220680,294.409363
15.223583,294.397780
15.226485,294.391805
15.229388,294.395692
15.232290,294.402562
15.235193,294.415625
15.238095,294.432110
15.240998,294.451080
15.243900,294.472174
15.246803,294.494333
15.249705,294.516799
15.252608,294.537599
15.255510,294.557204
15.258413,294.574869
15.261315,294.590080
15.264218,294.602980
15.267120,294.614027
15.270023,294.620955
15.272925,294.626543
15.275828,294.629097
15.278730,294.629402
15.281633,294.627770
15.284535,294.623922
15.287438,294.617587
15.290340,294.610329
15.293243,294.601818
15.296145,294.593595
15.299048,294.586050
15.301950,294.579798
15.304853,294.575117
15.307755,294.571643
15.310658,294.571486
15.313560,294.572303
15.316463,294.575377
15.319365,294.580179
15.322268,294.586379
15.325170,294.593956
15.328073,294.602813
15.330975,294.612161
15.333878,294.622602
15.336780,294.633533
15.339683,294.645049
15.342585,294.657075
15.345488,294.669400
15.348390,294.681892
15.351293,294.693647
15.354195,294.704783
15.357098,294.714441
15.360000,294.722526
15.362902,294.729166
15.365805,294.734432
15.368707,294.738230
15.371610,294.741576
15.374512,294.744489
15.377415,294.747486
15.380317,294.750713
15.383220,294.754364
15.386122,294.758540
15.389025,294.762910
15.391927,294.767506
15.394830,294.771515
15.397732,294.774214
15.400635,294.774990
15.403537,294.773762
15.406440,294.770158
15.409342,294.762160
15.412245,294.752449
15.415147,294.738431
15.418050,294.723236
15.420952,294.707402
15.423855,294.692141
15.426757,294.678993
15.429660,294.666858
15.432562,294.662450
15.435465,294.659541
15.438367,294.659871
15.441270,294.662571
15.444172,294.666585
15.447075,294.671541
15.449977,294.676919
15.452880,294.682323
15.455782,294.687534
15.458685,294.692516
15.461587,294.697246
15.464490,294.701428
15.467392,294.704666
15.470295,294.707431
15.473197,294.706459
15.476100,294.704196
15.479002,294.699620
15.481905,294.692870
15.484807,294.684560
15.487710,294.675194
15.490612,294.665297
15.493515,294.655772
15.496417,294.647802
15.499320,294.641589
15.502222,294.637283
15.505125,294.635399
15.508027,294.636508
15.510930,294.638804
15.513832,294.643575
15.516735,294.648428
15.519637,294.653147
15.522540,294.656938
15.525442,294.659300
15.528345,294.660517
15.531247,294.658795
15.534150,294.656736
15.537052,294.654452
15.539955,294.653732
15.542857,294.655307
15.545760,294.660155
15.548662,294.670349
15.551565,294.682717
15.554467,294.700760
15.557370,294.719999
15.560272,294.740240
15.563175,294.760552
15.566077,294.779891
15.568980,294.798427
15.571882,294.813607
15.574785,294.827921
15.577687,294.840348
15.580590,294.851649
15.583492,294.862330
15.586395,294.872521
15.589297,294.882439
15.592200,294.892209
15.595102,294.901195
15.598005,294.909386
15.600907,294.916472
15.603810,294.922099
15.606712,294.926263
15.609615,294.929604
15.612517,294.931171
15.615420,294.932601
15.618322,294.933863
15.621224,294.934910
15.624127,294.935757
15.627029,294.936177
15.629932,294.935347
15.632834,294.933936
15.635737,294.930672
15.638639,294.926463
15.641542,294.921223
15.644444,294.914817
15.647347,294.907393
15.650249,294.899405
15.653152,294.890782
15.656054,294.882923
15.658957,294.876885
15.661859,294.873366
15.664762,294.872426
15.667664,294.874291
15.670567,294.880741
15.673469,294.888810
15.676372,294.900599
15.679274,294.913646
15.682177,294.927613
15.685079,294.942207
15.687982,294.956816
15.690884,294.971406
15.693787,294.985939
15.696689,295.000583
15.699592,295.015393
15.702494,295.030112
15.705397,295.044583
15.708299,295.058482
15.711202,295.070452
15.714104,295.081357
15.717007,295.088913
15.719909,295.094204
15.722812,295.097108
15.725714,295.097339
15.728617,295.095177
15.731519,295.091907
15.734422,295.087621
15.737324,295.083772
15.740227,295.080811
15.743129,295.078616
15.746032,295.076977
15.748934,295.075383
15.751837,295.072062
15.754739,295.067698
15.757642,295.059927
15.760544,295.050591
15.763447,295.039933
15.766349,295.028582
15.769252,295.017694
15.772154,295.007027
15.775057,294.998436
15.777959,294.990247
15.780862,294.982951
15.783764,294.976459
15.786667,294.970562
15.789569,294.965345
15.792472,294.961582
15.795374,294.958726
15.798277,294.958587
15.801179,294.960282
15.804082,294.963846
15.806984,294.969318
15.809887,294.976252
15.812789,294.983806
15.815692,294.991491
15.818594,294.998793
15.821497,295.005293
15.824399,295.011219
15.827302,295.016857
15.830204,295.022399
15.833107,295.028433
15.836009,295.034596
15.838912,295.040827
15.841814,295.046654
15.844717,295.051862
15.847619,295.056027
15.850522,295.058684
15.853424,295.060644
15.856327,295.058745
15.859229,295.055766
15.862132,295.050790
15.865034,295.044524
15.867937,295.037837
15.870839,295.031386
15.873741,295.028039
15.876644,295.026080
15.879546,295.027638
15.882449,295.031060
15.885351,295.035901
15.888254,295.041880
15.891156,295.048280
15.894059,295.054793
15.896961,295.059891
15.899864,295.064312
15.902766,295.067486
15.905669,295.069792
15.908571,295.071738
15.911474,295.073783
15.914376,295.078017
15.917279,295.083253
15.920181,295.091244
15.923084,295.100891
15.925986,295.111883
15.928889,295.123995
15.931791,295.136610
15.934694,295.149342
15.937596,295.160178
15.940499,295.169709
15.943401,295.176840
15.946304,295.181162
15.949206,295.183011
15.952109,295.183135
15.955011,295.181802
15.957914,295.180841
15.960816,295.181775
15.963719,295.184951
15.966621,295.190592
15.969524,295.199144
15.972426,295.210961
15.975329,295.224108
15.978231,295.240086
15.981134,295.255838
15.984036,295.270902
15.986939,295.284139
15.989841,295.294959
15.992744,295.303674
15.995646,295.307100
15.998549,295.309005
16.001451,295.307603
16.004354,295.304348
16.007256,295.299818
16.010159,295.294114
16.013061,295.287594
16.015964,295.280769
16.018866,295.272893
16.021769,295.264623
16.024671,295.255753
16.027574,295.246254
16.030476,295.236251
16.033379,295.225903
16.036281,295.215391
16.039184,295.205100
16.042086,295.195669
16.044989,295.187199
16.047891,295.179731
16.050794,295.173595
16.053696,295.169312
16.056599,295.165810
16.059501,295.165121
16.062404,295.165486
16.065306,295.167276
16.068209,295.170774
16.071111,295.175814
16.074014,295.182044
16.076916,295.191294
16.079819,295.201484
16.082721,295.213926
16.085624,295.227842
16.088526,295.242858
16.091429,295.259003
16.094331,295.276252
16.097234,295.294008
16.100136,295.313169
16.103039,295.332647
16.105941,295.352470
16.108844,295.372537
16.111746,295.392667
16.114649,295.412878
16.117551,295.434030
16.120454,295.455951
16.123356,295.480105
16.126259,295.507165
16.129161,295.537335
16.132063,295.571272
16.134966,295.610121
16.137868,295.650968
16.140771,295.698118
16.143673,295.747682
16.146576,295.800663
16.149478,295.857711
16.152381,295.918394
16.155283,295.981939
16.158186,296.051631
16.161088,296.122802
16.163991,296.196986
16.166893,296.271962
16.169796,296.346823
16.172698,296.420130
16.175601,296.489474
16.178503,296.556796
16.181406,296.609555
16.184308,296.655211
16.187211,296.688319
16.190113,296.707934
16.193016,296.716197
16.195918,296.715083
16.198821,296.702606
16.201723,296.688345
16.204626,296.675752
16.207528,296.669097
16.210431,296.671130
16.213333,296.686855
16.216236,296.719005
16.219138,296.760804
16.222041,296.838627
16.224943,296.926373
16.227846,297.038299
16.230748,297.170840
16.233651,297.320778
16.236553,297.491126
16.239456,297.687891
16.242358,297.894316
16.245261,298.130641
16.248163,298.374385
16.251066,298.629415
16.253968,298.892001
16.256871,299.157480
16.259773,299.421862
16.262676,299.674358
16.265578,299.921678
16.268481,300.137449
16.271383,300.334269
16.274286,300.503285
16.277188,300.644188
16.280091,300.763256
16.282993,300.861730
16.285896,300.926522
16.288798,300.978235
16.291701,300.983612
16.294603,0.000000
16.297506,0.000000
16.300408,0.000000
16.303311,0.000000
16.306213,0.000000
16.309116,0.000000
16.312018,0.000000
16.314921,0.000000
16.317823,0.000000
16.320726,0.000000
16.323628,0.000000
16.326531,0.000000
16.329433,0.000000
16.332336,0.000000
16.335238,0.000000
16.338141,0.000000
16.341043,0.000000
16.343946,0.000000
16.346848,0.000000
16.349751,0.000000
16.352653,0.000000
16.355556,0.000000
16.358458,0.000000
16.361361,0.000000
16.364263,0.000000
16.367166,0.000000
16.370068,0.000000
16.372971,0.000000
16.375873,0.000000
16.378776,0.000000
16.381678,0.000000
16.384580,0.000000
16.387483,0.000000
16.390385,0.000000
16.393288,0.000000
16.396190,0.000000
16.399093,0.000000
16.401995,0.000000
16.404898,0.000000
16.407800,0.000000
16.410703,0.000000
16.413605,0.000000
16.416508,0.000000
16.419410,0.000000
16.422313,0.000000
16.425215,0.000000
16.428118,0.000000
16.431020,0.000000
16.433923,0.000000
16.436825,0.000000
16.439728,0.000000
16.442630,0.000000
16.445533,0.000000
16.448435,0.000000
16.451338,0.000000
16.454240,0.000000
16.457143,0.000000
16.460045,0.000000
16.462948,0.000000
16.465850,0.000000
16.468753,0.000000
16.471655,0.000000
16.474558,0.000000
16.477460,0.000000
16.480363,0.000000
16.483265,0.000000
16.486168,0.000000
16.489070,0.000000
16.491973,0.000000
16.494875,0.000000
16.497778,0.000000
16.500680,0.000000
16.503583,0.000000
16.506485,0.000000
16.509388,0.000000
16.512290,0.000000
16.515193,0.000000
16.518095,0.000000
16.520998,0.000000
16.523900,0.000000
16.526803,0.000000
16.529705,0.000000
16.532608,0.000000
16.535510,0.000000
16.538413,0.000000
16.541315,0.000000
16.544218,0.000000
16.547120,0.000000
16.550023,0.000000
16.552925,0.000000
16.555828,0.000000
16.558730,0.000000
16.561633,0.000000
16.564535,0.000000
16.567438,0.000000
16.570340,0.000000
16.573243,0.000000
16.576145,0.000000
16.579048,0.000000
16.581950,0.000000
16.584853,0.000000
16.587755,0.000000
16.590658,0.000000
16.593560,0.000000
16.596463,0.000000
16.599365,0.000000
16.602268,0.000000
16.605170,0.000000
16.608073,0.000000
16.610975,0.000000
16.613878,0.000000
16.616780,0.000000
16.619683,0.000000
16.622585,0.000000
16.625488,0.000000
16.628390,0.000000
16.631293,0.000000
16.634195,0.000000
16.637098,0.000000
16.640000,0.000000
16.642902,0.000000
16.645805,0.000000
16.648707,0.000000
16.651610,0.000000
16.654512,0.000000
16.657415,0.000000
16.660317,0.000000
16.663220,0.000000
16.666122,0.000000
16.669025,0.000000
16.671927,0.000000
16.674830,0.000000
16.677732,0.000000
16.680635,0.000000
16.683537,0.000000
16.686440,0.000000
16.689342,0.000000
16.692245,0.000000
16.695147,0.000000
16.698050,0.000000
16.700952,0.000000
16.703855,0.000000
16.706757,0.000000
16.709660,0.000000
16.712562,0.000000
16.715465,0.000000
16.718367,0.000000
16.721270,0.000000
16.724172,0.000000
16.727075,0.000000
16.729977,0.000000
16.732880,0.000000
16.735782,0.000000
16.738685,0.000000
16.741587,0.000000
16.744490,0.000000
16.747392,0.000000
16.750295,0.000000
16.753197,0.000000
16.756100,0.000000
16.759002,0.000000
16.761905,0.000000
16.764807,0.000000
16.767710,0.000000
16.770612,0.000000
16.773515,0.000000
16.776417,0.000000
16.779320,0.000000
16.782222,0.000000
16.785125,0.000000
16.788027,0.000000
16.790930,0.000000
16.793832,0.000000
16.796735,0.000000
16.799637,0.000000
16.802540,0.000000
16.805442,0.000000
16.808345,0.000000
16.811247,0.000000
16.814150,0.000000
16.817052,0.000000
16.819955,0.000000
16.822857,0.000000
16.825760,0.000000
16.828662,0.000000
16.831565,0.000000
16.834467,0.000000
16.837370,0.000000
16.840272,0.000000
16.843175,0.000000
16.846077,0.000000
16.848980,0.000000
16.851882,0.000000
16.854785,0.000000
16.857687,0.000000
16.860590,0.000000
16.863492,0.000000
16.866395,0.000000
16.869297,0.000000
16.872200,0.000000
16.875102,0.000000
16.878005,0.000000
16.880907,0.000000
16.883810,0.000000
16.886712,0.000000
16.889615,0.000000
16.892517,0.000000
16.895420,298.470700
16.898322,298.341182
16.901224,298.208085
16.904127,298.073211
16.907029,297.942182
16.909932,297.811546
16.912834,297.667378
16.915737,297.510659
16.918639,297.339809
16.921542,297.153616
16.924444,296.954938
16.927347,296.751796
16.930249,296.556753
16.933152,296.368611
16.936054,296.206648
16.938957,296.072974
16.941859,295.966024
16.944762,295.888965
16.947664,295.851824
16.950567,295.830025
16.953469,295.846417
16.956372,295.874062
16.959274,295.912439
16.962177,295.957095
16.965079,296.001304
16.967982,296.044002
16.970884,296.067914
16.973787,296.084266
16.976689,296.081423
16.979592,296.063550
16.982494,296.033189
16.985397,295.989530
16.988299,295.931808
16.991202,295.868690
16.994104,295.794188
16.997007,295.718332
16.999909,295.641705
17.002812,295.567335
17.005714,295.497460
17.008617,295.432090
17.011519,295.383634
17.014422,295.340823
17.017324,295.311758
17.020227,295.292622
17.023129,295.281866
17.026032,295.280212
17.028934,295.287940
17.031837,295.299340
17.034739,295.318592
17.037642,295.338674
17.040544,295.359181
17.043447,295.378540
17.046349,295.395591
17.049252,295.410699
17.052154,295.420427
17.055057,295.428648
17.057959,295.433365
17.060862,295.436045
17.063764,295.437341
17.066667,295.437578
17.069569,295.437531
17.072472,295.437531
17.075374,295.439718
17.078277,295.443666
17.081179,295.450412
17.084082,295.460926
17.086984,295.475177
17.089887,295.492406
17.092789,295.516817
17.095692,295.543602
17.098594,295.576312
17.101497,295.614129
17.104399,295.656658
17.107302,295.704682
17.110204,295.759234
17.113107,295.816409
17.116009,295.881062
17.118912,295.948551
17.121814,296.020265
17.124717,296.098205
17.127619,296.182556
17.130522,296.273087
17.133424,296.382511
17.136327,296.499249
17.139229,296.638859
17.142132,296.796904
17.145034,296.974230
17.147937,297.176684
17.150839,297.407751
17.153741,297.652752
17.156644,297.952867
17.159546,298.257777
17.162449,298.572686
17.165351,298.884134
17.168254,299.182031
17.171156,299.457387
17.174059,299.660753
17.176961,299.826837
17.179864,299.858797
17.182766,299.794311
17.185669,299.609899
17.188571,299.262484
17.191474,298.752272
17.194376,298.113936
17.197279,297.220689
17.200181,296.240601
17.203084,295.069574
17.205986,293.818424
17.208889,292.509803
17.211791,291.173054
17.214694,289.861249
17.217596,288.556187
17.220499,287.401848
17.223401,286.333829
17.226304,285.370051
17.229206,284.545978
17.232109,283.905232
17.235011,283.363681
17.237914,282.967858
17.240816,282.666847
17.243719,282.432724
17.246621,282.258821
17.249524,282.171691
17.252426,282.104602
17.255329,282.063828
17.258231,282.039447
17.261134,282.020894
17.264036,282.005814
17.266939,281.980384
17.269841,281.949967
17.272744,281.912657
17.275646,281.867562
17.278549,281.815170
17.281451,281.759274
17.284354,281.699110
17.287256,281.638864
17.290159,281.579459
17.293061,281.522177
17.295964,281.471335
17.298866,281.424904
17.301769,281.387412
17.304671,281.358099
17.307574,281.335601
17.310476,281.318765
17.313379,281.314511
17.316281,281.312299
17.319184,281.312906
17.322086,281.314662
17.324989,281.315505
17.327891,281.315605
17.330794,281.311759
17.333696,281.307045
17.336599,281.301600
17.339501,281.296560
17.342404,281.294560
17.345306,281.294784
17.348209,281.299947
17.351111,281.308174
17.354014,281.318697
17.356916,281.331220
17.359819,281.345191
17.362721,281.358613
17.365624,281.370632
17.368526,281.380295
17.371429,281.387356
17.374331,281.392727
17.377234,281.392681
17.380136,281.392109
17.383039,281.390743
17.385941,281.389072
17.388844,281.387898
17.391746,281.387130
17.394649,281.388379
17.397551,281.390653
17.400454,281.393810
17.403356,281.397777
17.406259,281.402268
17.409161,281.407221
17.412063,281.413068
17.414966,281.421546
17.417868,281.433117
17.420771,281.448246
17.423673,281.479624
17.426576,281.519798
17.429478,281.574661
17.432381,281.648808
17.435283,281.742733
17.438186,281.849398
17.441088,282.004738
17.443991,282.177885
17.446893,282.374026
17.449796,282.598895
17.452698,282.859247
17.455601,283.133489
17.458503,283.423765
17.461406,283.719131
17.464308,284.015035
17.467211,284.311891
17.470113,284.613688
17.473016,284.922846
17.475918,285.255030
17.478821,285.636368
17.481723,286.074244
17.484626,286.582920
17.487528,287.316361
17.490431,288.146725
17.493333,289.130893
17.496236,290.230380
17.499138,291.402640
17.502041,292.613084
17.504943,293.761286
17.507846,294.818190
17.510748,295.736891
17.513651,296.497269
17.516553,297.111340
17.519456,297.564984
17.522358,297.857303
17.525261,298.063861
17.528163,298.107326
17.531066,298.118647
17.533968,298.047772
17.536871,297.951155
17.539773,297.835158
17.542676,297.709799
17.545578,297.587275
17.548481,297.469580
17.551383,297.375039
17.554286,297.288344
17.557188,297.224102
17.560091,297.171940
17.562993,297.130158
17.565896,297.098333
17.568798,297.073272
17.571701,297.051332
17.574603,297.034506
17.577506,297.017636
17.580408,297.000489
17.583311,296.982072
17.586213,296.961960
17.589116,296.940063
17.592018,296.915504
17.594921,296.890284
17.597823,296.864969
17.600726,296.840644
17.603628,296.817910
17.606531,296.797419
17.609433,296.779342
17.612336,296.762824
17.615238,296.750703
17.618141,296.739654
17.621043,296.731004
17.623946,296.724215
17.626848,296.718890
17.629751,296.715464
17.632653,296.714966
17.635556,296.715806
17.638458,296.722064
17.641361,296.730995
17.644263,296.743623
17.647166,296.760371
17.650068,296.780562
17.652971,296.803100
17.655873,296.829042
17.658776,296.855158
17.661678,296.880727
17.664580,296.904190
17.667483,296.924845
17.670385,296.941316
17.673288,296.951783
17.676190,296.959718
17.679093,296.958227
17.681995,296.954573
17.684898,296.947215
17.687800,296.937290
17.690703,296.926222
17.693605,296.914677
17.696508,296.904645
17.699410,296.895498
17.702313,296.889607
17.705215,296.885819
17.708118,296.884201
17.711020,296.884753
17.713923,296.886908
17.716825,296.889862
17.719728,296.893704
17.722630,296.897131
17.725533,296.899261
17.728435,296.898722
17.731338,296.895018
17.734240,296.886429
17.737143,296.868390
17.740045,296.845819
17.742948,296.802899
17.745850,296.752000
17.748753,296.690909
17.751655,296.623563
17.754558,296.555595
17.757460,296.492702
17.760363,296.469241
17.763265,296.472797
17.766168,296.581662
17.769070,296.793231
17.771973,297.147958
17.774875,297.760610
17.777778,298.672950
17.780680,299.878299
17.783583,301.590682
17.786485,303.713272
17.789388,306.760128
17.792290,310.429174
17.795193,314.682907
17.798095,319.621591
17.800998,325.004049
17.803900,330.226175
17.806803,335.230505
17.809705,339.726406
17.812608,343.495211
17.815510,346.914007
17.818413,349.593553
17.821315,351.707078
17.824218,353.086466
17.827120,354.166269
17.830023,354.667573
17.832925,355.027901
17.835828,355.015803
17.838730,354.942407
17.841633,354.677483
17.844535,354.401407
17.847438,354.076779
17.850340,353.753246
17.853243,353.467982
17.856145,353.193870
17.859048,352.973274
17.861950,352.771741
17.864853,352.614583
17.867755,352.474532
17.870658,352.362937
17.873560,352.266498
17.876463,352.187110
17.879365,352.117305
17.882268,352.056321
17.885170,352.000841
17.888073,351.949700
17.890975,351.901732
17.893878,351.856417
17.896780,351.813585
17.899683,351.773363
17.902585,351.735767
17.905488,351.701014
17.908390,351.669135
17.911293,351.640289
17.914195,351.614497
17.917098,351.591974
17.920000,351.572844
17.922902,351.557492
17.925805,351.545861
17.928707,351.538318
17.931610,351.534293
17.934512,351.533856
17.937415,351.536580
17.940317,351.543042
17.943220,351.552512
17.946122,351.565723
17.949025,351.581419
17.951927,351.600098
17.954830,351.620151
17.957732,351.641471
17.960635,351.663037
17.963537,351.684078
17.966440,351.704686
17.969342,351.723869
17.972245,351.742470
17.975147,351.759570
17.978050,351.776299
17.980952,351.791368
17.983855,351.806025
17.986757,351.817913
17.989660,351.829504
17.992562,351.836913
17.995465,351.844116
17.998367,351.847133
18.001270,351.849912
18.004172,351.850367
18.007075,351.850553
18.009977,351.849603
18.012880,351.848397
18.015782,351.846278
18.018685,351.843858
18.021587,351.840758
18.024490,351.837625
18.027392,351.835038
18.030295,351.833784
18.033197,351.836122
18.036100,351.842805
18.039002,351.858194
18.041905,351.882330
18.044807,351.919979
18.047710,351.971324
18.050612,352.041026
18.053515,352.129139
18.056417,352.239299
18.059320,352.371425
18.062222,352.527830
18.065125,352.708711
18.068027,352.916222
18.070930,353.152631
18.073832,353.423320
18.076735,353.723954
18.079637,354.055796
18.082540,354.409943
18.085442,354.785241
18.088345,355.169250
18.091247,355.553907
18.094150,355.928423
18.097052,356.268311
18.099955,356.585990
18.102857,356.825167
18.105760,357.043281
18.108662,357.130228
18.111565,357.206947
18.114467,357.151905
18.117370,357.086139
18.120272,356.931357
18.123175,356.757772
18.126077,356.528471
18.128980,356.280852
18.131882,356.000583
18.134785,355.705524
18.137687,355.390430
18.140590,355.064060
18.143492,354.726912
18.146395,354.386225
18.149297,354.047656
18.152200,353.715591
18.155102,353.396171
18.158005,353.092990
18.160907,352.812331
18.163810,352.551749
18.166712,352.320343
18.169615,352.111360
18.172517,351.937886
18.175420,351.786969
18.178322,351.675564
18.181224,351.584092
18.184127,351.530324
18.187029,351.489255
18.189932,351.469855
18.192834,351.455690
18.195737,351.451514
18.198639,351.448789
18.201542,351.447688
18.204444,351.446635
18.207347,351.443694
18.210249,351.440708
18.213152,351.436853
18.216054,351.433020
18.218957,351.430629
18.221859,351.428444
18.224762,351.428153
18.227664,351.428195
18.230567,351.429365
18.233469,351.430735
18.236372,351.432487
18.239274,351.434257
18.242177,351.435868
18.245079,351.437372
18.247982,351.438556
18.250884,351.439548
18.253787,351.440203
18.256689,351.440347
18.259592,351.439495
18.262494,351.437614
18.265397,351.434025
18.268299,351.428712
18.271202,351.421026
18.274104,351.411107
18.277007,351.398535
18.279909,351.383584
18.282812,351.366149
18.285714,351.346887
18.288617,351.326325
18.291519,351.305667
18.294422,351.286129
18.297324,351.268281
18.300227,351.252933
18.303129,351.239735
18.306032,351.228809
18.308934,351.219597
18.311837,351.212157
18.314739,351.206150
18.317642,351.202060
18.320544,351.199554
18.323447,351.199792
18.326349,351.202309
18.329252,351.209829
18.332154,351.220312
18.335057,351.237909
18.337959,351.258742
18.340862,351.288500
18.343764,351.321313
18.346667,351.365057
18.349569,351.411626
18.352472,351.473033
18.355374,351.536620
18.358277,351.620774
18.361179,351.705880
18.364082,351.820417
18.366984,351.936425
18.369887,352.087330
18.372789,352.242625
18.375692,352.434848
18.378594,352.634347
18.381497,352.864182
18.384399,353.100793
18.387302,353.350906
18.390204,353.601931
18.393107,353.845950
18.396009,354.077744
18.398912,354.277424
18.401814,354.443173
18.404717,354.546512
18.407619,354.594613
18.410522,354.569795
18.413424,354.480819
18.416327,354.321017
18.419229,354.103491
18.422132,353.833187
18.425034,353.526515
18.427937,353.194637
18.430839,352.851646
18.433741,352.510116
18.436644,352.180299
18.439546,351.878951
18.442449,351.602381
18.445351,351.367142
18.448254,351.158200
18.451156,350.991604
18.454059,350.843964
18.456961,350.722561
18.459864,350.605371
18.462766,350.476467
18.465669,350.332716
18.468571,350.118892
18.471474,349.870792
18.474376,349.462847
18.477279,349.008855
18.480181,348.309362
18.483084,347.567829
18.485986,346.534947
18.488889,345.476331
18.491791,344.147382
18.494694,342.805359
18.497596,341.335034
18.500499,339.846161
18.503401,338.455661
18.506304,337.048553
18.509206,335.844445
18.512109,334.726434
18.515011,333.857713
18.517914,333.116383
18.520816,332.561284
18.523719,332.135681
18.526621,331.838942
18.529524,331.641525
18.532426,331.519220
18.535329,331.460429
18.538231,331.442135
18.541134,331.454123
18.544036,331.483600
18.546939,331.521460
18.549841,331.559517
18.552744,331.594960
18.555646,331.619911
18.558549,331.640126
18.561451,331.646980
18.564354,331.651164
18.567256,331.643986
18.570159,331.635935
18.573061,331.620965
18.575964,331.605471
18.578866,331.587596
18.581769,331.569607
18.584671,331.552638
18.587574,331.537088
18.590476,331.524927
18.593379,331.516018
18.596281,331.511577
18.599184,331.511794
18.602086,331.517064
18.604989,331.527476
18.607891,331.542550
18.610794,331.561933
18.613696,331.584761
18.616599,331.609837
18.619501,331.636213
18.622404,331.662766
18.625306,331.687996
18.628209,331.712116
18.631111,331.733216
18.634014,331.753053
18.636916,331.768374
18.639819,331.782843
18.642721,331.790571
18.645624,331.797771
18.648526,331.797642
18.651429,331.796553
18.654331,331.790311
18.657234,331.782965
18.660136,331.773771
18.663039,331.765234
18.665941,331.759904
18.668844,331.760514
18.671746,331.772176
18.674649,331.800419
18.677551,331.852000
18.680454,331.937332
18.683356,332.063533
18.686259,332.245280
18.689161,332.491023
18.692063,332.817966
18.694966,333.245918
18.697868,333.768339
18.700771,334.412633
18.703673,335.149132
18.706576,336.043058
18.709478,337.000793
18.712381,338.170352
18.715283,339.345929
18.718186,340.720783
18.721088,342.088558
18.723991,343.600547
18.726893,345.114976
18.729796,346.669014
18.732698,348.200372
18.735601,349.579870
18.738503,350.879758
18.741406,351.899414
18.744308,352.813424
18.747211,353.449899
18.750113,353.937234
18.753016,354.207470
18.755918,354.338695
18.758821,354.331720
18.761723,354.232280
18.764626,354.057551
18.767528,353.838851
18.770431,353.592344
18.773333,353.337783
18.776236,353.091338
18.779138,352.853837
18.782041,352.647011
18.784943,352.452810
18.787846,352.304871
18.790748,352.166355
18.793651,352.078105
18.796553,351.993688
18.799456,351.952179
18.802358,351.912020
18.805261,351.896315
18.808163,351.882095
18.811066,351.873066
18.813968,351.863907
18.816871,351.850605
18.819773,351.834966
18.822676,351.811367
18.825578,351.783811
18.828481,351.747992
18.831383,351.707875
18.834286,351.661448
18.837188,351.611914
18.840091,351.559367
18.842993,351.506097
18.845896,351.453879
18.848798,351.403939
18.851701,351.358203
18.854603,351.317201
18.857506,351.282419
18.860408,351.254144
18.863311,351.233380
18.866213,351.220132
18.869116,351.215000
18.872018,351.217288
18.874921,351.226947
18.877823,351.242375
18.880726,351.262712
18.883628,351.286025
18.886531,351.311003
18.889433,351.336535
18.892336,351.361687
18.895238,351.385909
18.898141,351.407921
18.901043,351.427999
18.903946,351.444399
18.906848,351.458493
18.909751,351.468115
18.912653,351.475633
18.915556,351.478712
18.918458,351.480439
18.921361,351.479356
18.924263,351.477475
18.927166,351.472717
18.930068,351.467329
18.932971,351.457805
18.935873,351.447853
18.938776,351.433338
18.941678,351.418639
18.944580,351.399570
18.947483,351.380303
18.950385,351.357547
18.953288,351.334553
18.956190,351.310559
18.959093,351.286657
18.961995,351.264240
18.964898,351.242650
18.967800,351.224723
18.970703,351.208577
18.973605,351.197446
18.976508,351.188702
18.979410,351.184459
18.982313,351.182526
18.985215,351.183859
18.988118,351.187212
18.991020,351.193183
18.993923,351.201050
18.996825,351.211246
18.999728,351.223412
19.002630,351.237883
19.005533,351.254244
19.008435,351.272503
19.011338,351.292415
19.014240,351.313860
19.017143,351.336443
19.020045,351.359891
19.022948,351.383582
19.025850,351.406940
19.028753,351.429179
19.031655,351.449252
19.034558,351.466738
19.037460,351.480438
19.040363,351.490959
19.043265,351.497319
19.046168,351.501082
19.049070,351.502023
19.051973,351.501582
19.054875,351.499800
19.057778,351.497645
19.060680,351.495669
19.063583,351.493941
19.066485,351.493420
19.069388,351.493351
19.072290,351.494724
19.075193,351.496532
19.078095,351.500259
19.080998,351.504267
19.083900,351.509813
19.086803,351.515417
19.089705,351.521417
19.092608,351.527422
19.095510,351.533337
19.098413,351.539252
19.101315,351.545164
19.104218,351.551073
19.107120,351.556951
19.110023,351.562611
19.112925,351.567243
19.115828,351.571269
19.118730,351.573411
19.121633,351.574761
19.124535,351.574595
19.127438,351.573694
19.130340,351.571788
19.133243,351.569301
19.136145,351.566139
19.139048,351.562916
19.141950,351.560121
19.144853,351.558111
19.147755,351.557483
19.150658,351.558198
19.153560,351.560532
19.156463,351.564361
19.159365,351.569781
19.162268,351.576725
19.165170,351.585241
19.168073,351.595407
19.170975,351.607410
19.173878,351.621219
19.176780,351.637126
19.179683,351.654975
19.182585,351.675270
19.185488,351.697645
19.188390,351.722757
19.191293,351.749806
19.194195,351.779582
19.197098,351.811107
19.200000,351.845558
19.202902,351.881959
19.205805,351.923150
19.208707,351.967247
19.211610,352.021223
19.214512,352.078891
19.217415,352.151597
19.220317,352.227740
19.223220,352.323174
19.226122,352.420812
19.229025,352.539622
19.231927,352.659285
19.234830,352.794242
19.237732,352.929057
19.240635,353.059930
19.243537,353.185804
19.246440,353.266588
19.249342,353.326978
19.252245,353.299498
19.255147,353.225259
19.258050,353.015999
19.260952,352.722459
19.263855,352.251934
19.266757,351.651348
19.269660,350.822149
19.272562,349.843463
19.275465,348.640033
19.278367,347.300359
19.281270,345.796393
19.284172,344.194443
19.287075,342.529054
19.289977,340.847307
19.292880,339.217729
19.295782,337.677044
19.298685,336.332096
19.301587,335.099358
19.304490,334.133739
19.307392,333.251766
19.310295,332.650370
19.313197,332.093594
19.316100,331.795735
19.319002,331.514014
19.321905,331.375418
19.324807,331.251420
19.327710,331.180449
19.330612,331.120742
19.333515,331.080273
19.336417,331.045122
19.339320,331.013117
19.342222,330.979853
19.345125,330.941404
19.348027,330.898025
19.350930,330.849483
19.353832,330.797765
19.356735,330.745146
19.359637,330.693481
19.362540,330.644641
19.365442,330.598712
19.368345,330.556392
19.371247,330.516342
19.374150,330.478871
19.377052,330.442219
19.379955,330.405909
19.382857,330.369480
19.385760,330.330653
19.388662,330.291567
19.391565,330.248443
19.394467,330.205065
19.397370,330.159935
19.400272,330.114530
19.403175,330.069225
19.406077,330.024419
19.408980,329.980906
19.411882,329.938845
19.414785,329.898842
19.417687,329.861410
19.420590,329.826853
19.423492,329.795827
19.426395,329.768515
19.429297,329.744934
19.432200,329.724997
19.435102,329.707749
19.438005,329.693154
19.440907,329.680036
19.443810,329.669141
19.446712,329.659158
19.449615,329.652236
19.452517,329.645781
19.455420,329.643973
19.458322,329.642675
19.461224,329.646137
19.464127,329.650860
19.467029,329.660318
19.469932,329.671604
19.472834,329.685762
19.475737,329.701772
19.478639,329.719900
19.481542,329.740052
19.484444,329.762341
19.487347,329.786802
19.490249,329.813174
19.493152,329.841300
19.496054,329.870913
19.498957,329.901828
19.501859,329.933905
19.504762,329.966298
19.507664,329.998117
19.510567,330.029587
19.513469,330.060267
19.516372,330.090820
19.519274,330.121787
19.522177,330.152727
19.525079,330.184962
19.527982,330.217224
19.530884,330.250361
19.533787,330.283680
19.536689,330.317440
19.539592,330.351197
19.542494,330.384619
19.545397,330.417424
19.548299,330.448964
19.551202,330.478802
19.554104,330.506542
19.557007,330.531843
19.559909,330.554699
19.562812,330.575063
19.565714,330.593078
19.568617,330.608830
19.571519,330.621982
19.574422,330.633087
19.577324,330.640738
19.580227,330.646685
19.583129,330.648991
19.586032,330.650332
19.588934,330.648276
19.591837,330.645936
19.594739,330.641924
19.597642,330.637805
19.600544,330.633338
19.603447,330.628857
19.606349,330.624596
19.609252,330.620879
19.612154,330.618584
19.615057,330.617591
19.617959,330.618456
19.620862,330.620741
19.623764,330.624155
19.626667,330.628222
19.629569,330.632472
19.632472,330.636729
19.635374,330.640722
19.638277,330.644559
19.641179,330.648301
19.644082,330.652050
19.646984,330.656073
19.649887,330.660166
19.652789,330.664390
19.655692,330.668583
19.658594,330.671885
19.661497,330.675104
19.664399,330.676016
19.667302,330.676615
19.670204,330.674393
19.673107,330.671444
19.676009,330.666392
19.678912,330.660529
19.681814,330.653381
19.684717,330.645683
19.687619,330.637445
19.690522,330.629103
19.693424,330.620986
19.696327,330.613294
19.699229,330.606162
19.702132,330.599394
19.705034,330.592758
19.707937,330.586080
19.710839,330.579194
19.713741,330.572341
19.716644,330.565826
19.719546,330.559764
19.722449,330.555138
19.725351,330.551204
19.728254,330.550289
19.731156,330.549800
19.734059,330.555150
19.736961,330.561126
19.739864,330.573602
19.742766,330.587589
19.745669,330.607494
19.748571,330.630105
19.751474,330.658197
19.754376,330.690612
19.757279,330.729512
19.760181,330.774958
19.763084,330.828512
19.765986,330.891793
19.768889,330.965806
19.771791,331.053056
19.774694,331.154244
19.777596,331.270970
19.780499,331.404889
19.783401,331.554195
19.786304,331.722390
19.789206,331.903070
19.792109,332.102918
19.795011,332.311344
19.797914,332.539039
19.800816,332.770260
19.803719,333.014195
19.806621,333.258258
19.809524,333.506454
19.812426,333.753779
19.815329,333.996452
19.818231,334.236592
19.821134,334.459910
19.824036,334.672365
19.826939,334.849172
19.829841,334.996043
19.832744,335.077999
19.835646,335.111255
19.838549,335.075860
19.841451,334.984094
19.844354,334.829082
19.847256,334.620974
19.850159,334.365278
19.853061,334.073584
19.855964,333.759175
19.858866,333.435612
19.861769,333.117093
19.864671,332.816757
19.867574,332.549353
19.870476,332.317414
19.873379,332.136036
19.876281,331.989427
19.879184,331.892420
19.882086,331.817897
19.884989,331.777563
19.887891,331.745859
19.890794,331.727099
19.893696,331.709773
19.896599,331.688020
19.899501,331.665769
19.902404,331.627886
19.905306,331.588944
19.908209,331.536596
19.911111,331.482519
19.914014,331.423738
19.916916,331.364616
19.919819,331.307361
19.922721,331.252169
19.925624,331.201519
19.928526,331.154819
19.931429,331.112726
19.934331,331.074819
19.937234,331.040620
19.940136,331.010294
19.943039,330.983492
19.945941,330.960147
19.948844,330.940047
19.951746,330.922662
19.954649,330.908109
19.957551,330.895006
19.960454,330.883163
19.963356,330.871707
19.966259,330.860245
19.969161,330.848749
19.972063,330.837670
19.974966,330.826618
19.977868,330.816584
19.980771,330.806728
19.983673,330.797857
19.986576,330.789445
19.989478,330.782475
19.992381,330.776699
19.995283,330.773186
19.998186,330.771968
20.001088,330.773852
20.003991,330.779039
20.006893,330.787709
20.009796,330.800222
20.012698,330.816387
20.015601,330.836414
20.018503,330.860323
20.021406,330.887716
20.024308,330.919017
20.027211,330.953243
20.030113,330.992061
20.033016,331.033468
20.035918,331.081738
20.038821,331.132371
20.041723,331.195883
20.044626,331.260503
20.047528,331.349126
20.050431,331.440967
20.053333,331.567401
20.056236,331.703084
20.059138,331.872173
20.062041,332.057181
20.064943,332.273434
20.067846,332.509802
20.070748,332.772651
20.073651,333.055931
20.076553,333.359034
20.079456,333.676916
20.082358,334.004474
20.085261,334.331903
20.088163,334.649584
20.091066,334.936416
20.093968,335.171395
20.096871,335.322386
20.099773,335.339563
20.102676,335.194913
20.105578,334.786286
20.108481,334.134268
20.111383,333.047082
20.114286,331.658712
20.117188,329.661224
20.120091,327.335219
20.122993,324.204788
20.125896,321.174995
20.128798,318.093854
20.131701,314.826325
20.134603,311.736583
20.137506,308.702812
20.140408,306.352084
20.143311,304.106146
20.146213,302.327569
20.149116,300.842156
20.152018,299.603266
20.154921,298.656722
20.157823,297.990978
20.160726,297.442132
20.163628,297.209813
20.166531,297.004236
20.169433,296.876653
20.172336,296.783764
20.175238,296.704941
20.178141,296.632855
20.181043,296.552841
20.183946,296.469284
20.186848,296.363297
20.189751,296.254145
20.192653,296.140164
20.195556,296.027799
20.198458,295.921703
20.201361,295.823818
20.204263,295.750726
20.207166,295.687420
20.210068,295.648538
20.212971,295.624311
20.215873,295.612249
20.218776,295.611953
20.221678,295.620304
20.224580,295.632103
20.227483,295.645876
20.230385,295.658328
20.233288,295.668068
20.236190,295.674017
20.239093,295.676173
20.241995,295.675155
20.244898,295.666324
20.247800,295.654564
20.250703,295.635588
20.253605,295.611321
20.256508,295.582552
20.259410,295.549460
20.262313,295.512985
20.265215,295.475473
20.268118,295.439997
20.271020,295.407173
20.273923,295.378845
20.276825,295.355797
20.279728,295.337404
20.282630,295.322602
20.285533,295.315152
20.288435,295.309682
20.291338,295.308482
20.294240,295.309326
20.297143,295.311385
20.300045,295.313913
20.302948,295.315499
20.305850,295.316623
20.308753,295.313759
20.311655,295.309965
20.314558,295.304806
20.317460,295.298825
20.320363,295.292693
20.323265,295.286559
20.326168,295.281546
20.329070,295.276997
20.331973,295.273501
20.334875,295.270831
20.337778,295.268932
20.340680,295.268113
20.343583,295.268826
20.346485,295.270158
20.349388,295.273486
20.352290,295.277418
20.355193,295.282057
20.358095,295.287434
20.360998,295.293407
20.363900,295.299816
20.366803,295.306947
20.369705,295.314128
20.372608,295.321258
20.375510,295.328144
20.378413,295.334715
20.381315,295.340932
20.384218,295.346701
20.387120,295.352300
20.390023,295.357875
20.392925,295.363757
20.395828,295.370215
20.398730,295.377690
20.401633,295.386355
20.404535,295.395873
20.407438,295.407593
20.410340,295.419866
20.413243,295.433461
20.416145,295.448175
20.419048,295.463847
20.421950,295.480581
20.424853,295.498566
20.427755,295.516979
20.430658,295.536084
20.433560,295.554814
20.436463,295.572817
20.439365,295.589415
20.442268,295.604334
20.445170,295.617894
20.448073,295.627322
20.450975,295.635703
20.453878,295.641763
20.456780,295.647928
20.459683,295.655241
20.462585,295.665617
20.465488,295.682554
20.468390,295.702527
20.471293,295.736382
20.474195,295.774953
20.477098,295.820445
20.480000,295.872123
20.482902,295.927748
20.485805,295.985888
20.488707,296.045115
20.491610,296.103683
20.494512,296.159643
20.497415,296.213327
20.500317,296.264735
20.503220,296.313346
20.506122,296.358805
20.509025,296.402925
20.511927,296.441479
20.514830,296.478308
20.517732,296.511999
20.520635,296.542398
20.523537,296.570076
20.526440,296.595040
20.529342,296.614944
20.532245,296.633116
20.535147,296.647312
20.538050,296.660005
20.540952,296.671483
20.543855,296.682565
20.546757,296.694440
20.549660,296.707037
20.552562,296.725061
20.555465,296.744846
20.558367,296.768897
20.561270,296.796544
20.564172,296.827127
20.567075,296.860615
20.569977,296.897048
20.572880,296.934534
20.575782,296.973632
20.578685,297.012418
20.581587,297.050383
20.584490,297.086165
20.587392,297.119088
20.590295,297.149489
20.593197,297.172677
20.596100,297.193297
20.599002,297.206812
20.601905,297.214838
20.604807,297.217461
20.607710,297.213238
20.610612,297.201414
20.613515,297.186308
20.616417,297.156553
20.619320,297.123986
20.622222,297.085302
20.625125,297.042225
20.628027,296.996652
20.630930,296.948920
20.633832,296.899012
20.636735,296.848397
20.639637,296.794381
20.642540,296.738361
20.645442,296.679841
20.648345,296.618360
20.651247,296.554186
20.654150,296.488103
20.657052,296.417398
20.659955,296.345116
20.662857,296.269224
20.665760,296.190670
20.668662,296.109998
20.671565,296.027435
20.674467,295.943640
20.677370,295.859632
20.680272,295.777690
20.683175,295.697743
20.686077,295.620815
20.688980,295.548165
20.691882,295.480103
20.694785,295.415793
20.697687,295.362598
20.700590,295.313361
20.703492,295.273848
20.706395,295.242596
20.709297,295.219042
20.712200,295.204865
20.715102,295.201905
20.718005,295.203832
20.720907,295.221616
20.723810,295.245085
20.726712,295.276858
20.729615,295.318478
20.732517,295.368893
20.735420,295.425940
20.738322,295.500015
20.741224,295.579245
20.744127,295.670206
20.747029,295.770173
20.749932,295.877360
20.752834,295.991382
20.755737,296.111538
20.758639,296.232908
20.761542,296.353810
20.764444,296.470332
20.767347,296.579672
20.770249,296.674217
20.773152,296.750459
20.776054,296.816180
20.778957,296.819718
20.781859,296.794639
20.784762,296.711729
20.787664,296.561579
20.790567,296.351277
20.793469,296.082987
20.796372,295.685682
20.799274,295.235662
20.802177,294.660834
20.805079,293.986060
20.807982,293.222114
20.810884,292.355852
20.813787,291.363408
20.816689,290.317625
20.819592,289.159807
20.822494,287.976304
20.825397,286.785326
20.828299,285.630828
20.831202,284.582107
20.834104,283.601592
20.837007,282.851458
20.839909,282.234832
20.842812,281.731478
20.845714,281.353198
20.848617,281.248463
20.851519,281.198084
20.854422,281.216453
20.857324,281.286809
20.860227,281.376078
20.863129,281.473151
20.866032,281.541639
20.868934,281.588472
20.871837,281.610815
20.874739,281.603157
20.877642,281.558380
20.880544,281.494320
20.883447,281.402073
20.886349,281.296677
20.889252,281.184054
20.892154,281.065867
20.895057,280.948622
20.897959,280.833010
20.900862,280.720462
20.903764,280.610696
20.906667,280.502870
20.909569,280.396223
20.912472,280.290913
20.915374,280.187411
20.918277,280.086090
20.921179,279.988809
20.924082,279.899348
20.926984,279.816440
20.929887,279.745975
20.932789,279.683668
20.935692,279.627474
20.938594,279.577164
20.941497,279.537080
20.944399,279.500643
20.947302,279.469627
20.950204,279.444009
20.953107,279.422892
20.956009,279.404799
20.958912,279.393904
20.961814,279.385692
20.964717,279.380206
20.967619,279.377617
20.970522,279.377716
20.973424,279.378776
20.976327,279.380426
20.979229,279.382073
20.982132,279.383483
20.985034,279.384689
20.987937,279.385430
20.990839,279.386418
20.993741,279.387811
20.996644,279.390077
20.999546,279.393579
21.002449,279.397961
21.005351,279.405593
21.008254,279.414969
21.011156,279.426051
21.014059,279.438913
21.016961,279.453544
21.019864,279.468688
21.022766,279.484122
21.025669,279.499611
21.028571,279.515022
21.031474,279.530337
21.034376,279.545480
21.037279,279.561299
21.040181,279.578050
21.043084,279.597411
21.045986,279.621120
21.048889,279.648536
21.051791,279.691845
21.054694,279.748484
21.057596,279.819312
21.060499,279.910877
21.063401,280.042625
21.066304,280.198529
21.069206,280.401242
21.072109,280.654729
21.075011,280.955118
21.077914,281.296888
21.080816,281.783728
21.083719,282.312760
21.086621,282.906568
21.089524,283.564690
21.092426,284.271372
21.095329,284.999826
21.098231,285.718923
21.101134,286.393791
21.104036,287.006918
21.106939,287.497428
21.109841,287.765885
21.112744,287.860841
21.115646,287.348601
21.118549,286.361907
21.121451,284.885422
21.124354,282.700185
21.127256,279.491414
21.130159,275.970413
21.133061,271.214024
21.135964,265.988893
21.138866,260.331632
21.141769,254.651055
21.144671,249.519761
21.147574,244.259238
21.150476,239.094396
21.153379,234.386123
21.156281,230.912929
21.159184,228.151390
21.162086,226.186736
21.164989,224.726499
21.167891,223.572119
21.170794,222.837776
21.173696,222.490885
21.176599,222.316540
21.179501,222.317920
21.182404,222.396370
21.185306,222.510128
21.188209,222.661697
21.191111,222.808491
21.194014,222.946647
21.196916,223.044746
21.199819,223.121433
21.202721,223.181851
21.205624,223.210313
21.208526,223.225134
21.211429,223.225585
21.214331,223.203585
21.217234,223.176526
21.220136,223.143790
21.223039,223.107780
21.225941,223.070878
21.228844,223.033523
21.231746,222.997992
21.234649,222.964030
21.237551,222.934430
21.240454,222.907890
21.243356,222.883603
21.246259,222.864222
21.249161,222.847334
21.252063,222.832976
21.254966,222.824157
21.257868,222.817309
21.260771,222.813010
21.263673,222.811268
21.266576,222.810751
21.269478,222.812070
21.272381,222.815383
21.275283,222.820258
21.278186,222.828880
21.281088,222.838457
21.283991,222.848469
21.286893,222.857190
21.289796,222.863349
21.292698,222.867289
21.295601,222.860201
21.298503,222.849970
21.301406,222.835967
21.304308,222.818398
21.307211,222.799934
21.310113,222.780562
21.313016,222.763194
21.315918,222.747693
21.318821,222.736533
21.321723,222.728877
21.324626,222.723454
21.327528,222.722017
21.330431,222.722700
21.333333,222.724931
21.336236,222.728367
21.339138,222.731605
21.342041,222.734636
21.344943,222.737188
21.347846,222.739540
21.350748,222.741626
21.353651,222.743450
21.356553,222.745357
21.359456,222.747605
21.362358,222.750663
21.365261,222.754296
21.368163,222.759167
21.371066,222.765279
21.373968,222.772198
21.376871,222.780145
21.379773,222.788330
21.382676,222.796721
21.385578,222.805329
21.388481,222.813952
21.391383,222.822589
21.394286,222.830748
21.397188,222.838549
21.400091,222.845775
21.402993,222.851813
21.405896,222.857013
21.408798,222.860600
21.411701,222.861480
21.414603,222.860569
21.417506,222.856080
21.420408,222.850234
21.423311,222.843408
21.426213,222.835251
21.429116,222.826887
21.432018,222.818318
21.434921,222.811002
21.437823,222.804494
21.440726,222.799107
21.443628,222.795060
21.446531,222.791596
21.449433,222.788938
21.452336,222.786348
21.455238,222.783800
21.458141,222.781330
21.461043,222.779636
21.463946,222.778562
21.466848,222.779329
21.469751,222.781631
21.472653,222.785211
21.475556,222.792441
21.478458,222.800459
21.481361,222.809442
21.484263,222.819668
21.487166,222.830398
21.490068,222.841810
21.492971,222.853875
21.495873,222.865986
21.498776,222.877719
21.501678,222.888614
21.504580,222.898964
21.507483,222.908274
21.510385,222.916978
21.513288,222.925278
21.516190,222.933527
21.519093,222.941763
21.521995,222.949985
21.524898,222.957930
21.527800,222.965628
21.530703,222.972984
21.533605,222.979524
21.536508,222.985668
21.539410,222.991227
21.542313,222.996115
21.545215,223.000543
21.548118,223.004031
21.551020,223.006311
21.553923,223.007734
21.556825,223.007311
21.559728,223.007565
21.562630,223.008389
21.565533,223.011728
21.568435,223.016687
21.571338,223.023452
21.574240,223.031798
21.577143,223.039910
21.580045,223.047434
21.582948,223.053589
21.585850,223.058760
21.588753,223.062149
21.591655,223.062224
21.594558,223.059818
21.597460,223.051840
21.600363,223.039918
21.603265,223.025262
21.606168,223.005517
21.609070,222.983328
21.611973,222.959086
21.614875,222.936817
21.617778,222.917238
21.620680,222.900912
21.623583,222.889477
21.626485,222.880199
21.629388,222.873798
21.632290,222.870155
21.635193,222.868670
21.638095,222.871266
21.640998,222.876618
21.643900,222.883304
21.646803,222.891400
21.649705,222.898259
21.652608,222.903989
21.655510,222.905657
21.658413,222.908788
21.661315,222.913159
21.664218,222.923440
21.667120,222.937647
21.670023,222.956344
21.672925,222.979378
21.675828,223.000792
21.678730,223.018875
21.681633,223.031234
21.684535,223.040429
21.687438,223.044631
21.690340,223.045046
21.693243,223.043479
21.696145,223.039185
21.699048,223.030210
21.701950,223.017835
21.704853,222.997983
21.707755,222.973436
21.710658,222.945060
21.713560,222.913207
21.716463,222.883630
21.719365,222.856722
21.722268,222.835928
21.725170,222.818739
21.728073,222.806823
21.730975,222.804473
21.733878,222.807807
21.736780,222.820765
21.739683,222.840415
21.742585,222.863822
21.745488,222.892715
21.748390,222.923674
21.751293,222.955508
21.754195,222.984059
21.757098,223.009265
21.760000,223.031580
21.762902,223.046333
21.765805,223.057290
21.768707,223.063591
21.771610,223.061163
21.774512,223.056509
21.777415,223.049596
21.780317,223.043322
21.783220,223.037977
21.786122,223.034949
21.789025,223.035283
21.791927,223.037378
21.794830,223.041298
21.797732,223.046246
21.800635,223.051982
21.803537,223.059475
21.806440,223.067905
21.809342,223.077244
21.812245,223.080911
21.815147,223.081096
21.818050,223.076561
21.820952,223.065850
21.823855,223.052273
21.826757,223.034694
21.829660,223.014359
21.832562,222.994215
21.835465,222.977278
21.838367,222.967085
21.841270,222.961633
21.844172,222.966601
21.847075,222.979126
21.849977,222.997034
21.852880,223.016037
21.855782,223.031809
21.858685,223.044220
21.861587,223.048591
21.864490,223.048558
21.867392,223.042632
21.870295,223.025773
21.873197,223.005376
21.876100,222.981221
21.879002,222.959125
21.881905,222.939272
21.884807,222.925295
21.887710,222.919770
21.890612,222.919298
21.893515,222.924882
21.896417,222.929490
21.899320,222.933299
21.902222,222.934602
21.905125,222.934695
21.908027,222.933508
21.910930,222.933116
21.913832,222.932646
21.916735,222.931986
21.919637,222.927946
21.922540,222.921527
21.925442,222.910944
21.928345,222.895737
21.931247,222.878783
21.934150,222.861000
21.937052,222.843763
21.939955,222.827026
21.942857,222.811888
21.945760,222.798400
21.948662,222.786327
21.951565,222.780050
21.954467,222.776597
21.957370,222.776014
21.960272,222.779864
21.963175,222.785402
21.966077,222.793085
21.968980,222.803107
21.971882,222.813833
21.974785,222.825261
21.977687,222.836254
21.980590,222.846660
21.983492,222.855355
21.986395,222.861060
21.989297,222.864197
21.992200,222.859448
21.995102,222.851766
21.998005,222.841808
22.000907,222.829426
22.003810,222.817197
22.006712,222.805134
22.009615,222.796136
22.012517,222.787930
22.015420,222.780638
22.018322,222.774145
22.021224,222.768034
22.024127,222.762475
22.027029,222.757653
22.029932,222.753755
22.032834,222.752448
22.035737,222.754579
22.038639,222.759186
22.041542,222.769470
22.044444,222.783688
22.047347,222.801106
22.050249,222.825954
22.053152,222.851806
22.056054,222.878798
22.058957,222.905873
22.061859,222.932210
22.064762,222.957324
22.067664,222.977306
22.070567,222.994510
22.073469,223.007371
22.076372,223.017084
22.079274,223.025053
22.082177,223.030401
22.085079,223.034315
22.087982,223.037399
22.090884,223.039843
22.093787,223.042604
22.096689,223.045623
22.099592,223.049935
22.102494,223.055174
22.105397,223.061498
22.108299,223.070163
22.111202,223.079226
22.114104,223.088597
22.117007,223.098347
22.119909,223.108357
22.122812,223.118821
22.125714,223.130654
22.128617,223.143531
22.131519,223.158672
22.134422,223.175382
22.137324,223.193150
22.140227,223.212839
22.143129,223.233580
22.146032,223.254978
22.148934,223.273286
22.151837,223.289160
22.154739,223.302536
22.157642,223.311761
22.160544,223.319516
22.163447,223.325486
22.166349,223.332837
22.169252,223.342463
22.172154,223.356197
22.175057,223.374780
22.177959,223.395743
22.180862,223.420190
22.183764,223.444390
22.186667,223.466732
22.189569,223.477888
22.192472,223.479387
22.195374,223.473560
22.198277,223.451535
22.201179,223.421703
22.204082,223.383481
22.206984,223.335809
22.209887,223.288576
22.212789,223.243114
22.215692,223.205094
22.218594,223.172521
22.221497,223.149246
22.224399,223.143074
22.227302,223.148731
22.230204,223.177564
22.233107,223.223540
22.236009,223.280807
22.238912,223.357297
22.241814,223.446544
22.244717,223.544416
22.247619,223.651245
22.250522,223.747394
22.253424,223.836043
22.256327,223.917257
22.259229,223.995231
22.262132,224.070270
22.265034,224.153181
22.267937,224.241020
22.270839,224.335475
22.273741,224.434842
22.276644,224.535299
22.279546,224.636404
22.282449,224.733580
22.285351,224.831283
22.288254,224.936556
22.291156,225.060466
22.294059,225.200245
22.296961,225.379948
22.299864,225.605183
22.302766,225.870438
22.305669,226.264717
22.308571,226.727170
22.311474,227.248879
22.314376,227.889095
22.317279,228.591340
22.320181,229.354053
22.323084,230.228146
22.325986,231.121975
22.328889,232.027532
22.331791,232.862801
22.334694,233.562351
22.337596,234.110610
22.340499,234.154500
22.343401,0.000000
22.346304,0.000000
22.349206,0.000000
22.352109,0.000000
22.355011,0.000000
22.357914,0.000000
22.360816,0.000000
22.363719,0.000000
22.366621,0.000000
22.369524,0.000000
22.372426,0.000000
22.375329,0.000000
22.378231,0.000000
22.381134,0.000000
22.384036,0.000000
22.386939,0.000000
22.389841,0.000000
22.392744,0.000000
22.395646,0.000000
22.398549,0.000000
22.401451,0.000000
22.404354,0.000000
22.407256,0.000000
22.410159,0.000000
22.413061,0.000000
22.415964,0.000000
22.418866,0.000000
22.421769,0.000000
22.424671,0.000000
22.427574,0.000000
22.430476,0.000000
22.433379,0.000000
22.436281,0.000000
22.439184,0.000000
22.442086,0.000000
22.444989,0.000000
22.447891,0.000000
22.450794,0.000000
22.453696,0.000000
22.456599,0.000000
22.459501,0.000000
22.462404,0.000000
22.465306,0.000000
22.468209,0.000000
22.471111,0.000000
22.474014,0.000000
22.476916,0.000000
22.479819,0.000000
22.482721,0.000000
22.485624,0.000000
22.488526,0.000000
22.491429,0.000000
22.494331,0.000000
22.497234,0.000000
22.500136,0.000000
22.503039,0.000000
22.505941,0.000000
22.508844,0.000000
22.511746,0.000000
22.514649,0.000000
22.517551,0.000000
22.520454,0.000000
22.523356,0.000000
22.526259,0.000000
22.529161,0.000000
22.532063,0.000000
22.534966,0.000000
22.537868,0.000000
22.540771,0.000000
22.543673,0.000000
22.546576,0.000000
22.549478,0.000000
22.552381,0.000000
22.555283,0.000000
22.558186,0.000000
22.561088,0.000000
22.563991,0.000000
22.566893,0.000000
22.569796,0.000000
22.572698,0.000000
22.575601,0.000000
22.578503,0.000000
22.581406,0.000000
22.584308,0.000000
22.587211,0.000000
22.590113,0.000000
22.593016,0.000000
22.595918,0.000000
22.598821,0.000000
22.601723,0.000000
22.604626,0.000000
22.607528,0.000000
22.610431,0.000000
22.613333,0.000000
22.616236,0.000000
22.619138,0.000000
22.622041,0.000000
22.624943,0.000000
22.627846,0.000000
22.630748,0.000000
22.633651,0.000000
22.636553,0.000000
22.639456,0.000000
22.642358,0.000000
22.645261,0.000000
22.648163,0.000000
22.651066,0.000000
22.653968,0.000000
22.656871,0.000000
22.659773,0.000000
22.662676,0.000000
22.665578,0.000000
22.668481,0.000000
22.671383,0.000000
22.674286,0.000000
22.677188,0.000000
22.680091,0.000000
22.682993,0.000000
22.685896,0.000000
22.688798,0.000000
22.691701,0.000000
22.694603,0.000000
22.697506,0.000000
22.700408,0.000000
22.703311,0.000000
22.706213,0.000000
22.709116,0.000000
22.712018,0.000000
22.714921,0.000000
22.717823,0.000000
22.720726,0.000000
22.723628,0.000000
22.726531,0.000000
22.729433,0.000000
22.732336,0.000000
22.735238,0.000000
22.738141,0.000000
22.741043,0.000000
22.743946,0.000000
22.746848,0.000000
22.749751,0.000000
22.752653,0.000000
22.755556,0.000000
22.758458,0.000000
22.761361,0.000000
22.764263,0.000000
22.767166,0.000000
22.770068,0.000000
22.772971,0.000000
22.775873,0.000000
22.778776,0.000000
22.781678,0.000000
22.784580,0.000000
22.787483,0.000000
22.790385,0.000000
22.793288,0.000000
22.796190,0.000000
22.799093,0.000000
22.801995,0.000000
22.804898,0.000000
22.807800,0.000000
22.810703,0.000000
22.813605,0.000000
22.816508,0.000000
22.819410,0.000000
22.822313,0.000000
22.825215,0.000000
22.828118,0.000000
22.831020,0.000000
22.833923,0.000000
22.836825,0.000000
22.839728,0.000000
22.842630,0.000000
22.845533,0.000000
22.848435,0.000000
22.851338,0.000000
22.854240,0.000000
22.857143,0.000000
22.860045,0.000000
22.862948,0.000000
22.865850,0.000000
22.868753,0.000000
22.871655,0.000000
22.874558,0.000000
22.877460,0.000000
22.880363,0.000000
22.883265,0.000000
22.886168,0.000000
22.889070,0.000000
22.891973,0.000000
22.894875,0.000000
22.897778,0.000000
22.900680,0.000000
22.903583,0.000000
22.906485,0.000000
22.909388,0.000000
22.912290,0.000000
22.915193,0.000000
22.918095,0.000000
22.920998,297.647655
22.923900,297.359172
22.926803,297.111183
22.929705,296.880007
22.932608,296.680235
22.935510,296.487532
22.938413,296.301630
22.941315,296.121742
22.944218,295.944962
22.947120,295.768830
22.950023,295.594979
22.952925,295.422385
22.955828,295.264005
22.958730,295.115383
22.961633,294.982066
22.964535,294.869114
22.967438,294.775864
22.970340,294.697947
22.973243,294.656024
22.976145,294.623885
22.979048,294.613365
22.981950,294.615975
22.984853,294.627899
22.987755,294.647676
22.990658,294.671437
22.993560,294.696437
22.996463,294.720525
22.999365,294.743640
23.002268,294.765196
23.005170,294.785243
23.008073,294.804258
23.010975,294.822649
23.013878,294.840404
23.016780,294.857970
23.019683,294.875111
23.022585,294.891856
23.025488,294.908190
23.028390,294.923897
23.031293,294.938556
23.034195,294.952601
23.037098,294.963770
23.040000,294.973206
23.042902,294.980397
23.045805,294.984806
23.048707,294.986589
23.051610,294.986729
23.054512,294.982003
23.057415,294.976249
23.060317,294.968355
23.063220,294.959396
23.066122,294.950068
23.069025,294.940644
23.071927,294.931958
23.074830,294.923576
23.077732,294.916190
23.080635,294.908872
23.083537,294.901444
23.086440,294.893473
23.089342,294.884521
23.092245,294.875052
23.095147,294.862345
23.098050,294.849154
23.100952,294.834889
23.103855,294.819991
23.106757,294.804876
23.109660,294.789696
23.112562,294.774803
23.115465,294.760120
23.118367,294.746189
23.121270,294.732775
23.124172,294.719917
23.127075,294.707728
23.129977,294.696195
23.132880,294.684953
23.135782,294.674757
23.138685,294.664859
23.141587,294.655657
23.144490,294.647315
23.147392,294.639759
23.150295,294.633011
23.153197,294.628288
23.156100,294.624413
23.159002,294.622795
23.161905,294.622825
23.164807,294.624356
23.167710,294.627550
23.170612,294.632414
23.173515,294.637999
23.176417,294.645300
23.179320,294.653134
23.182222,294.661678
23.185125,294.670856
23.188027,294.680428
23.190930,294.690196
23.193832,294.700010
23.196735,294.709728
23.199637,294.719241
23.202540,294.728553
23.205442,294.737680
23.208345,294.746464
23.211247,294.754548
23.214150,294.762272
23.217052,294.768598
23.219955,294.774341
23.222857,294.779348
23.225760,294.783455
23.228662,294.786741
23.231565,294.789449
23.234467,294.790206
23.237370,294.790424
23.240272,294.789322
23.243175,294.787388
23.246077,294.784922
23.248980,294.781994
23.251882,294.778778
23.254785,294.775438
23.257687,294.771936
23.260590,294.768377
23.263492,294.764789
23.266395,294.761179
23.269297,294.757553
23.272200,294.753929
23.275102,294.750353
23.278005,294.746912
23.280907,294.743712
23.283810,294.741006
23.286712,294.738864
23.289615,294.737501
23.292517,294.737909
23.295420,294.739161
23.298322,294.743052
23.301224,294.748456
23.304127,294.755403
23.307029,294.764108
23.309932,294.774422
23.312834,294.785524
23.315737,294.799418
23.318639,294.813835
23.321542,294.829415
23.324444,294.846334
23.327347,294.864462
23.330249,294.883973
23.333152,294.906514
23.336054,294.930376
23.338957,294.957896
23.341859,294.987879
23.344762,295.020310
23.347664,295.056074
23.350567,295.095756
23.353469,295.137219
23.356372,295.187319
23.359274,295.240487
23.362177,295.299720
23.365079,295.366795
23.367982,295.441392
23.370884,295.524256
23.373787,295.626424
23.376689,295.737236
23.379592,295.874071
23.382494,296.030351
23.385397,296.207976
23.388299,296.415606
23.391202,296.662176
23.394104,296.926882
23.397007,297.241236
23.399909,297.568805
23.402812,297.913060
23.405714,298.272140
23.408617,298.638566
23.411519,299.008785
23.414422,299.374199
23.417324,299.732522
23.420227,300.073699
23.423129,300.389321
23.426032,300.676359
23.428934,300.924483
23.431837,301.119412
23.434739,301.293867
23.437642,301.350384
23.440544,301.379755
23.443447,301.337085
23.446349,301.231654
23.449252,301.072450
23.452154,300.853076
23.455057,300.572893
23.457959,300.264025
23.460862,299.883842
23.463764,299.494691
23.466667,299.084912
23.469569,298.684942
23.472472,298.300087
23.475374,297.938579
23.478277,297.604105
23.481179,297.301298
23.484082,297.058331
23.486984,296.835895
23.489887,296.692748
23.492789,296.578781
23.495692,296.503664
23.498594,296.463797
23.501497,296.446744
23.504399,296.445358
23.507302,296.460681
23.510204,296.478259
23.513107,296.497409
23.516009,296.514135
23.518912,296.526765
23.521814,296.533234
23.524717,296.530897
23.527619,296.524718
23.530522,296.503513
23.533424,296.477737
23.536327,296.444435
23.539229,296.404052
23.542132,296.358582
23.545034,296.308863
23.547937,296.252366
23.550839,296.193770
23.553741,296.130320
23.556644,296.064395
23.559546,295.996532
23.562449,295.927277
23.565351,295.857890
23.568254,295.788564
23.571156,295.723984
23.574059,295.661430
23.576961,295.602808
23.579864,295.549140
23.582766,295.500160
23.585669,295.455950
23.588571,295.421998
23.591474,295.391722
23.594376,295.370135
23.597279,295.352723
23.600181,295.338466
23.603084,295.327356
23.605986,295.318646
23.608889,295.311012
23.611791,295.309114
23.614694,295.309241
23.617596,295.313184
23.620499,295.320543
23.623401,295.330273
23.626304,295.341560
23.629206,295.353051
23.632109,295.363981
23.635011,295.372269
23.637914,295.378658
23.640816,295.383149
23.643719,295.385762
23.646621,295.386994
23.649524,295.387622
23.652426,295.388070
23.655329,295.388557
23.658231,295.389139
23.661134,295.389327
23.664036,295.388820
23.666939,295.387284
23.669841,295.382550
23.672744,295.376126
23.675646,295.364909
23.678549,295.350294
23.681451,295.332317
23.684354,295.311439
23.687256,295.289125
23.690159,295.266298
23.693061,295.247025
23.695964,295.229592
23.698866,295.215731
23.701769,295.205516
23.704671,295.198208
23.707574,295.193299
23.710476,295.191783
23.713379,295.191386
23.716281,295.193463
23.719184,295.197349
23.722086,295.203009
23.724989,295.211080
23.727891,295.222086
23.730794,295.234380
23.733696,295.251097
23.736599,295.268222
23.739501,295.285900
23.742404,295.302779
23.745306,295.317984
23.748209,295.331125
23.751111,295.338165
23.754014,295.342708
23.756916,295.340605
23.759819,295.334433
23.762721,295.324610
23.765624,295.310699
23.768526,295.292950
23.771429,295.273591
23.774331,295.251240
23.777234,295.229332
23.780136,295.208490
23.783039,295.189282
23.785941,295.171784
23.788844,295.155420
23.791746,295.139257
23.794649,295.122790
23.797551,295.104738
23.800454,295.086130
23.803356,295.067268
23.806259,295.048682
23.809161,295.031168
23.812063,295.014105
23.814966,294.999329
23.817868,294.985169
23.820771,294.972060
23.823673,294.960571
23.826576,294.950808
23.829478,294.942801
23.832381,294.939145
23.835283,294.936992
23.838186,294.938308
23.841088,294.941615
23.843991,294.946484
23.846893,294.952782
23.849796,294.959985
23.852698,294.967512
23.855601,294.973529
23.858503,294.978320
23.861406,294.980909
23.864308,294.981386
23.867211,294.980335
23.870113,294.978482
23.873016,294.977908
23.875918,294.978712
23.878821,294.983856
23.881723,294.993956
23.884626,295.009350
23.887528,295.032790
23.890431,295.068519
23.893333,295.109998
23.896236,295.179618
23.899138,295.263754
23.902041,295.371475
23.904943,295.507417
23.907846,295.668919
23.910748,295.851005
23.913651,296.084806
23.916553,296.332772
23.919456,296.609971
23.922358,296.903676
23.925261,297.205885
23.928163,297.510638
23.931066,297.800657
23.933968,298.079630
23.936871,298.310265
23.939773,298.509912
23.942676,298.675203
23.945578,298.808327
23.948481,298.919379
23.951383,299.020123
23.954286,299.146836
23.957188,299.307468
23.960091,299.567418
23.962993,299.955125
23.965896,300.479865
23.968798,301.179643
23.971701,302.154894
23.974603,303.233839
23.977506,304.536494
23.980408,305.875424
23.983311,307.218199
23.986213,308.477853
23.989116,309.601542
23.992018,310.573269
23.994921,311.334786
23.997823,311.984185
24.000726,312.376001
24.003628,312.727432
24.006531,312.848548
24.009433,312.939877
24.012336,312.938335
24.015238,312.900629
24.018141,312.840073
24.021043,312.765415
24.023946,312.687437
24.026848,312.609185
24.029751,312.535312
24.032653,312.463916
24.035556,312.399869
24.038458,312.337213
24.041361,312.280724
24.044263,312.226488
24.047166,312.176471
24.050068,312.128843
24.052971,312.082613
24.055873,312.036855
24.058776,311.990470
24.061678,311.943301
24.064580,311.894504
24.067483,311.845435
24.070385,311.794485
24.073288,311.743566
24.076190,311.692234
24.079093,311.641519
24.081995,311.592154
24.084898,311.545222
24.087800,311.501317
24.090703,311.461682
24.093605,311.427526
24.096508,311.397053
24.099410,311.375421
24.102313,311.355696
24.105215,311.344645
24.108118,311.335328
24.111020,311.329156
24.113923,311.323691
24.116825,311.317529
24.119728,311.309603
24.122630,311.299221
24.125533,311.286948
24.128435,311.272821
24.131338,311.258132
24.134240,311.241695
24.137143,311.224779
24.140045,311.205833
24.142948,311.185813
24.145850,311.164654
24.148753,311.143469
24.151655,311.123225
24.154558,311.104642
24.157460,311.089115
24.160363,311.075028
24.163265,311.065594
24.166168,311.057116
24.169070,311.052551
24.171973,311.049503
24.174875,311.048363
24.177778,311.048070
24.180680,311.047715
24.183583,311.046658
24.186485,311.044013
24.189388,311.040446
24.192290,311.035011
24.195193,311.029384
24.198095,311.024081
24.200998,311.019664
24.203900,311.017284
24.206803,311.016791
24.209705,311.017976
24.212608,311.020774
24.215510,311.024813
24.218413,311.029803
24.221315,311.036825
24.224218,311.044295
24.227120,311.053005
24.230023,311.061275
24.232925,311.068143
24.235828,311.073562
24.238730,311.077403
24.241633,311.079798
24.244535,311.081232
24.247438,311.082512
24.250340,311.085430
24.253243,311.088906
24.256145,311.099645
24.259048,311.112289
24.261950,311.130721
24.264853,311.153121
24.267755,311.179368
24.270658,311.208390
24.273560,311.238421
24.276463,311.268455
24.279365,311.296586
24.282268,311.323966
24.285170,311.339011
24.288073,311.350353
24.290975,311.346978
24.293878,311.334909
24.296780,311.313289
24.299683,311.284834
24.302585,311.253524
24.305488,311.221612
24.308390,311.193014
24.311293,311.165905
24.314195,311.144414
24.317098,311.123836
24.320000,311.106349
24.322902,311.090190
24.325805,311.075585
24.328707,311.062217
24.331610,311.049596
24.334512,311.037959
24.337415,311.027696
24.340317,311.018420
24.343220,311.013653
24.346122,311.009754
24.349025,311.009398
24.351927,311.010152
24.354830,311.012279
24.357732,311.015546
24.360635,311.019649
24.363537,311.024490
24.366440,311.029848
24.369342,311.035551
24.372245,311.042175
24.375147,311.049041
24.378050,311.056663
24.380952,311.064020
24.383855,311.070504
24.386757,311.075995
24.389660,311.080409
24.392562,311.083593
24.395465,311.085613
24.398367,311.086812
24.401270,311.087109
24.404172,311.087302
24.407075,311.089230
24.409977,311.092176
24.412880,311.097901
24.415782,311.105663
24.418685,311.115294
24.421587,311.127147
24.424490,311.141051
24.427392,311.156766
24.430295,311.175297
24.433197,311.194572
24.436100,311.220124
24.439002,311.247434
24.441905,311.281293
24.444807,311.320581
24.447710,311.366462
24.450612,311.421084
24.453515,311.484389
24.456417,311.556355
24.459320,311.639733
24.462222,311.727395
24.465125,311.829102
24.468027,311.932866
24.470930,312.043926
24.473832,312.157052
24.476735,312.271613
24.479637,312.385071
24.482540,312.495636
24.485442,312.597667
24.488345,312.683228
24.491247,312.755157
24.494150,312.778522
24.497052,312.788577
24.499955,312.711855
24.502857,312.601481
24.505760,312.411398
24.508662,312.173571
24.511565,311.898750
24.514467,311.586859
24.517370,311.029422
24.520272,310.481057
24.523175,309.922187
24.526077,309.280049
24.528980,308.425083
24.531882,307.507624
24.534785,306.607291
24.537687,305.705949
24.540590,304.814767
24.543492,303.956088
24.546395,303.140879
24.549297,302.386147
24.552200,301.716806
24.555102,301.082968
24.558005,300.620992
24.560907,300.182973
24.563810,299.804953
24.566712,299.475116
24.569615,299.171568
24.572517,298.889612
24.575420,298.631282
24.578322,298.374863
24.581224,298.118008
24.584127,297.858168
24.587029,297.594109
24.589932,297.325882
24.592834,297.054028
24.595737,296.782798
24.598639,296.525667
24.601542,296.282298
24.604444,296.057628
24.607347,295.860138
24.610249,295.693366
24.613152,295.541924
24.616054,295.453997
24.618957,295.379544
24.621859,295.332943
24.624762,295.310589
24.627664,295.304907
24.630567,295.312698
24.633469,295.337152
24.636372,295.364236
24.639274,295.392597
24.642177,295.417977
24.645079,295.438664
24.647982,295.452101
24.650884,295.453678
24.653787,295.449669
24.656689,295.426634
24.659592,295.396386
24.662494,295.357088
24.665397,295.308470
24.668299,295.252834
24.671202,295.192823
24.674104,295.125321
24.677007,295.056979
24.679909,294.987163
24.682812,294.917868
24.685714,294.850067
24.688617,294.785100
24.691519,294.726663
24.694422,294.671236
24.697324,294.626123
24.700227,294.585729
24.703129,294.550617
24.706032,294.521016
24.708934,294.495661
24.711837,294.472703
24.714739,294.454467
24.717642,294.437362
24.720544,294.422703
24.723447,294.410534
24.726349,294.400541
24.729252,294.392975
24.732154,294.389530
24.735057,294.387627
24.737959,294.389000
24.740862,294.391086
24.743764,294.393315
24.746667,294.394807
24.749569,294.394465
24.752472,294.393292
24.755374,294.388458
24.758277,294.383220
24.761179,294.377174
24.764082,294.370994
24.766984,294.365220
24.769887,294.360079
24.772789,294.357211
24.775692,294.355377
24.778594,294.356132
24.781497,294.358193
24.784399,294.361201
24.787302,294.364661
24.790204,294.367545
24.793107,294.370151
24.796009,294.370177
24.798912,294.369263
24.801814,294.366957
24.804717,294.363332
24.807619,294.358790
24.810522,294.353654
24.813424,294.347947
24.816327,294.342312
24.819229,294.336973
24.822132,294.331899
24.825034,294.327020
24.827937,294.322372
24.830839,294.318140
24.833741,294.314177
24.836644,294.311681
24.839546,294.310189
24.842449,294.310007
24.845351,294.311217
24.848254,294.313550
24.851156,294.316530
24.854059,294.319736
24.856961,294.322716
24.859864,294.325170
24.862766,294.327028
24.865669,294.328327
24.868571,294.329109
24.871474,294.329317
24.874376,294.329473
24.877279,294.329805
24.880181,294.330432
24.883084,294.331448
24.885986,294.332888
24.888889,294.334696
24.891791,294.336703
24.894694,294.339429
24.897596,294.342188
24.900499,294.345085
24.903401,294.347957
24.906304,294.350688
24.909206,294.353315
24.912109,294.355738
24.915011,294.358262
24.917914,294.361181
24.920816,294.364799
24.923719,294.369240
24.926621,294.374838
24.929524,294.382080
24.932426,294.389974
24.935329,294.399035
24.938231,294.407823
24.941134,294.415965
24.944036,294.422737
24.946939,294.427800
24.949841,294.431543
24.952744,294.431465
24.955646,294.430344
24.958549,294.426982
24.961451,294.422104
24.964354,294.416144
24.967256,294.409408
24.970159,294.402670
24.973061,294.396178
24.975964,294.391816
24.978866,294.388844
24.981769,294.387681
24.984671,294.388429
24.987574,294.390666
24.990476,294.393719
24.993379,294.397527
24.996281,294.401313
24.999184,294.405059
25.002086,294.409077
25.004989,294.413521
25.007891,294.418620
25.010794,294.425280
25.013696,294.432532
25.016599,294.441592
25.019501,294.451320
25.022404,294.461580
25.025306,294.471982
25.028209,294.481898
25.031111,294.491554
25.034014,294.498448
25.036916,294.504557
25.039819,294.509098
25.042721,294.512321
25.045624,294.514664
25.048526,294.516201
25.051429,294.516384
25.054331,294.516107
25.057234,294.514659
25.060136,294.512521
25.063039,294.509793
25.065941,294.506515
25.068844,294.502876
25.071746,294.499146
25.074649,294.496667
25.077551,294.495455
25.080454,294.496505
25.083356,294.502003
25.086259,294.512743
25.089161,294.529118
25.092063,294.565212
25.094966,294.611139
25.097868,294.682895
25.100771,294.779242
25.103673,294.899589
25.106576,295.052149
25.109478,295.253206
25.112381,295.476008
25.115283,295.757180
25.118186,296.057927
25.121088,296.379229
25.123991,296.718352
25.126893,297.066208
25.129796,297.417682
25.132698,297.761278
25.135601,298.099115
25.138503,298.421825
25.141406,298.728046
25.144308,299.017512
25.147211,299.283461
25.150113,299.515541
25.153016,299.734407
25.155918,299.889178
25.158821,300.023378
25.161723,300.115126
25.164626,300.164184
25.167528,300.176894
25.170431,300.150596
25.173333,300.073121
25.176236,299.976960
25.179138,299.816774
25.182041,299.635713
25.184943,299.421021
25.187846,299.179389
25.190748,298.920333
25.193651,298.644767
25.196553,298.353553
25.199456,298.057020
25.202358,297.757176
25.205261,297.459667
25.208163,297.168456
25.211066,296.884188
25.213968,296.607277
25.216871,296.343252
25.219773,296.105020
25.222676,295.875194
25.225578,295.683303
25.228481,295.509317
25.231383,295.359962
25.234286,295.241029
25.237188,295.150002
25.240091,295.079067
25.242993,295.057594
25.245896,295.049023
25.248798,295.068093
25.251701,295.105006
25.254603,295.153655
25.257506,295.211621
25.260408,295.273102
25.263311,295.334498
25.266213,295.387872
25.269116,295.435006
25.272018,295.474254
25.274921,295.503547
25.277823,295.522992
25.280726,295.537084
25.283628,295.534525
25.286531,295.528513
25.289433,295.515112
25.292336,295.495912
25.295238,295.472783
25.298141,295.446353
25.301043,295.417040
25.303946,295.386691
25.306848,295.354056
25.309751,295.319533
25.312653,295.282786
25.315556,295.242891
25.318458,295.199388
25.321361,295.154169
25.324263,295.103013
25.327166,295.051402
25.330068,294.998783
25.332971,294.946922
25.335873,294.896875
25.338776,294.849185
25.341678,294.807331
25.344580,294.767917
25.347483,294.735000
25.350385,294.705862
25.353288,294.680254
25.356190,294.658677
25.359093,294.640911
25.361995,294.624891
25.364898,294.616157
25.367800,294.609290
25.370703,294.606109
25.373605,294.606219
25.376508,294.608662
25.379410,294.613048
25.382313,294.619914
25.385215,294.627390
25.388118,294.635893
25.391020,294.644774
25.393923,294.653854
25.396825,294.663050
25.399728,294.672193
25.402630,294.681337
25.405533,294.690507
25.408435,294.699657
25.411338,294.708767
25.414240,294.717844
25.417143,294.726892
25.420045,294.735944
25.422948,294.745292
25.425850,294.754815
25.428753,294.764943
25.431655,294.775330
25.434558,294.785824
25.437460,294.795660
25.440363,294.803529
25.443265,294.810424
25.446168,294.812347
25.449070,294.812835
25.451973,294.811287
25.454875,294.808419
25.457778,294.805209
25.460680,294.801988
25.463583,294.800605
25.466485,294.799997
25.469388,294.801313
25.472290,294.803728
25.475193,294.806891
25.478095,294.810717
25.480998,294.814908
25.483900,294.819267
25.486803,294.824389
25.489705,294.829836
25.492608,294.835729
25.495510,294.841889
25.498413,294.848038
25.501315,294.854067
25.504218,294.859002
25.507120,294.863372
25.510023,294.866421
25.512925,294.868272
25.515828,294.869100
25.518730,294.868834
25.521633,294.867149
25.524535,294.864773
25.527438,294.859642
25.530340,294.852993
25.533243,294.844468
25.536145,294.833993
25.539048,294.822028
25.541950,294.809240
25.544853,294.795983
25.547755,294.783387
25.550658,294.772413
25.553560,294.763586
25.556463,294.756920
25.559365,294.752670
25.562268,294.752320
25.565170,294.753468
25.568073,294.758462
25.570975,294.765263
25.573878,294.773847
25.576780,294.784371
25.579683,294.796515
25.582585,294.809467
25.585488,294.823977
25.588390,294.838293
25.591293,294.852159
25.594195,294.864943
25.597098,294.876446
25.600000,294.886515
25.602902,294.893459
25.605805,294.899182
25.608707,294.901751
25.611610,294.902525
25.614512,294.901612
25.617415,294.898791
25.620317,294.894211
25.623220,294.888832
25.626122,294.881967
25.629025,294.875202
25.631927,294.868685
25.634830,294.862661
25.637732,294.857193
25.640635,294.852233
25.643537,294.848421
25.646440,294.844988
25.649342,294.842528
25.652245,294.840752
25.655147,294.839599
25.658050,294.839301
25.660952,294.840119
25.663855,294.841373
25.666757,294.843024
25.669660,294.844428
25.672562,294.845358
25.675465,294.846001
25.678367,294.846580
25.681270,294.847376
25.684172,294.850458
25.687075,294.855259
25.689977,294.864954
25.692880,294.881335
25.695782,294.905241
25.698685,294.941375
25.701587,294.998075
25.704490,295.065910
25.707392,295.182681
25.710295,295.326103
25.713197,295.504817
25.716100,295.724778
25.719002,295.981349
25.721905,296.258364
25.724807,296.578757
25.727710,296.901810
25.730612,297.230479
25.733515,297.555855
25.736417,297.872979
25.739320,298.178885
25.742222,298.462264
25.745125,298.735754
25.748027,298.975076
25.750930,299.196675
25.753832,299.395855
25.756735,299.568789
25.759637,299.718546
25.762540,299.849861
25.765442,299.943590
25.768345,300.025558
25.771247,300.075443
25.774150,300.109720
25.777052,300.130067
25.779955,300.136649
25.782857,300.133429
25.785760,300.124647
25.788662,300.110184
25.791565,300.096457
25.794467,300.087075
25.797370,300.084146
25.800272,300.089180
25.803175,300.106377
25.806077,300.139037
25.808980,300.179427
25.811882,300.248127
25.814785,300.321745
25.817687,300.407821
25.820590,300.499492
25.823492,300.592970
25.826395,300.683395
25.829297,300.761605
25.832200,300.834541
25.835102,300.865142
25.838005,300.881097
25.840907,300.863743
25.843810,300.813893
25.846712,300.735148
25.849615,300.625098
25.852517,300.484262
25.855420,300.327836
25.858322,300.138192
25.861224,299.939959
25.864127,299.729896
25.867029,299.518214
25.869932,299.309364
25.872834,299.106373
25.875737,298.911477
25.878639,298.724677
25.881542,298.550552
25.884444,298.377207
25.887347,298.205775
25.890249,298.034168
25.893152,297.863103
25.896054,297.695667
25.898957,297.533546
25.901859,297.379364
25.904762,297.245854
25.907664,297.120582
25.910567,297.023935
25.913469,296.942708
25.916372,296.878926
25.919274,296.833623
25.922177,296.802567
25.925079,296.778877
25.927982,296.772387
25.930884,296.768423
25.933787,296.769403
25.936689,296.773664
25.939592,296.779439
25.942494,296.786218
25.945397,296.792790
25.948299,296.798749
25.951202,296.802217
25.954104,296.803257
25.957007,296.801464
25.959909,296.795761
25.962812,296.785686
25.965714,296.773443
25.968617,296.752878
25.971519,296.730501
25.974422,296.703761
25.977324,296.674000
25.980227,296.642119
25.983129,296.608368
25.986032,296.573483
25.988934,296.538431
25.991837,296.505507
25.994739,296.474014
25.997642,296.444797
26.000544,296.418216
26.003447,296.393954
26.006349,296.371621
26.009252,296.353445
26.012154,296.336664
26.015057,296.323486
26.017959,296.312973
26.020862,296.304917
26.023764,296.299799
26.026667,296.297849
26.029569,296.297165
26.032472,296.299583
26.035374,296.302372
26.038277,296.305689
26.041179,296.309179
26.044082,296.312538
26.046984,296.315658
26.049887,296.318073
26.052789,296.320227
26.055692,296.321810
26.058594,296.323297
26.061497,296.324805
26.064399,296.326451
26.067302,296.328363
26.070204,296.330370
26.073107,296.331526
26.076009,296.331919
26.078912,296.330570
26.081814,296.326981
26.084717,296.321180
26.087619,296.312945
26.090522,296.300823
26.093424,296.287247
26.096327,296.270248
26.099229,296.251980
26.102132,296.232491
26.105034,296.211982
26.107937,296.190998
26.110839,296.169778
26.113741,296.149111
26.116644,296.129064
26.119546,296.110672
26.122449,296.094434
26.125351,296.080408
26.128254,296.069249
26.131156,296.062674
26.134059,296.058193
26.136961,296.061909
26.139864,296.068509
26.142766,296.078678
26.145669,296.091677
26.148571,296.106015
26.151474,296.120936
26.154376,296.133756
26.157279,296.145372
26.160181,296.153614
26.163084,296.159788
26.165986,296.164419
26.168889,296.167673
26.171791,296.170066
26.174694,296.172061
26.177596,296.171045
26.180499,296.167877
26.183401,296.160938
26.186304,296.149156
26.189206,296.132772
26.192109,296.112494
26.195011,296.085155
26.197914,296.055906
26.200816,296.022813
26.203719,295.987862
26.206621,295.951599
26.209524,295.914158
26.212426,295.876072
26.215329,295.837800
26.218231,295.801663
26.221134,295.767319
26.224036,295.736523
26.226939,295.710528
26.229841,295.689243
26.232744,295.672404
26.235646,295.664162
26.238549,295.658629
26.241451,295.659056
26.244354,295.662378
26.247256,295.667953
26.250159,295.675497
26.253061,295.684057
26.255964,295.693088
26.258866,295.702529
26.261769,295.711835
26.264671,295.720862
26.267574,295.729254
26.270476,295.736893
26.273379,295.743752
26.276281,295.748907
26.279184,295.753594
26.282086,295.757558
26.284989,295.761965
26.287891,295.767212
26.290794,295.773752
26.293696,295.782005
26.296599,295.790990
26.299501,295.801506
26.302404,295.811620
26.305306,295.820876
26.308209,295.828629
26.311111,295.834696
26.314014,295.838974
26.316916,295.839653
26.319819,295.838963
26.322721,295.835029
26.325624,295.829653
26.328526,295.823180
26.331429,295.815956
26.334331,295.808688
26.337234,295.801377
26.340136,295.796865
26.343039,295.793584
26.345941,295.793076
26.348844,295.795458
26.351746,295.800295
26.354649,295.807165
26.357551,295.815984
26.360454,295.824857
26.363356,295.832194
26.366259,295.837805
26.369161,295.841310
26.372063,295.842124
26.374966,295.840115
26.377868,295.836752
26.380771,295.828681
26.383673,295.819704
26.386576,295.808737
26.389478,295.796007
26.392381,295.781939
26.395283,295.766558
26.398186,295.749329
26.401088,295.731280
26.403991,295.711013
26.406893,295.689505
26.409796,295.666621
26.412698,295.642166
26.415601,295.616339
26.418503,295.589765
26.421406,295.561445
26.424308,295.533148
26.427211,295.505040
26.430113,295.478025
26.433016,295.452508
26.435918,295.429160
26.438821,295.410410
26.441723,295.393764
26.444626,295.383790
26.447528,295.377298
26.450431,295.374686
26.453333,295.376716
26.456236,295.383041
26.459138,295.391832
26.462041,295.408649
26.464943,295.427303
26.467846,295.450016
26.470748,295.475159
26.473651,295.501495
26.476553,295.528648
26.479456,295.555627
26.482358,295.582242
26.485261,295.606962
26.488163,295.630211
26.491066,295.651579
26.493968,295.670304
26.496871,295.686178
26.499773,295.700377
26.502676,295.709300
26.505578,295.717334
26.508481,295.723446
26.511383,295.727805
26.514286,295.730689
26.517188,295.731622
26.520091,295.729111
26.522993,295.725084
26.525896,295.715747
26.528798,295.703959
26.531701,295.689305
26.534603,295.671707
26.537506,295.651911
26.540408,295.630816
26.543311,295.607601
26.546213,295.584222
26.549116,295.560533
26.552018,295.536780
26.554921,295.513098
26.557823,295.489562
26.560726,295.466367
26.563628,295.443394
26.566531,295.421563
26.569433,295.400385
26.572336,295.380045
26.575238,295.361111
26.578141,295.343839
26.581043,295.327768
26.583946,295.316912
26.586848,295.308078
26.589751,295.304089
26.592653,295.304683
26.595556,295.309309
26.598458,295.318345
26.601361,295.333243
26.604263,295.350309
26.607166,295.372730
26.610068,295.396993
26.612971,295.423093
26.615873,295.450396
26.618776,295.477839
26.621678,295.505202
26.624580,295.530540
26.627483,295.555062
26.630385,295.577605
26.633288,295.598308
26.636190,295.617393
26.639093,295.634479
26.641995,295.648500
26.644898,295.661121
26.647800,295.668890
26.650703,295.674638
26.653605,295.677943
26.656508,295.678869
26.659410,295.678144
26.662313,295.676366
26.665215,295.672828
26.668118,295.669127
26.671020,295.665139
26.673923,295.661625
26.676825,295.658930
26.679728,295.657569
26.682630,295.658704
26.685533,295.660956
26.688435,295.666927
26.691338,295.673917
26.694240,295.681954
26.697143,295.690844
26.700045,295.700166
26.702948,295.709775
26.705850,295.720082
26.708753,295.730724
26.711655,295.742087
26.714558,295.753894
26.717460,295.765985
26.720363,295.777948
26.723265,295.788943
26.726168,295.799412
26.729070,295.806676
26.731973,295.812282
26.734875,295.815414
26.737778,295.815581
26.740680,295.813097
26.743583,295.808553
26.746485,295.799173
26.749388,295.788183
26.752290,295.773021
26.755193,295.754420
26.758095,295.732624
26.760998,295.707148
26.763900,295.677603
26.766803,295.646396
26.769705,295.610590
26.772608,295.573843
26.775510,295.535815
26.778413,295.497163
26.781315,295.458649
26.784218,295.420476
26.787120,295.384312
26.790023,295.349209
26.792925,295.316934
26.795828,295.287253
26.798730,295.260195
26.801633,295.236392
26.804535,295.216450
26.807438,295.198203
26.810340,295.186441
26.813243,295.176875
26.816145,295.170854
26.819048,295.168614
26.821950,295.169447
26.824853,295.172787
26.827755,295.180656
26.830658,295.189790
26.833560,295.201444
26.836463,295.214028
26.839365,295.226966
26.842268,295.239785
26.845170,295.251597
26.848073,295.262900
26.850975,295.270511
26.853878,295.276834
26.856780,295.281080
26.859683,295.283478
26.862585,295.284694
26.865488,295.285042
26.868390,295.284074
26.871293,295.282584
26.874195,295.279651
26.877098,295.275941
26.880000,295.271707
26.882902,295.267450
26.885805,295.264060
26.888707,295.261132
26.891610,295.261955
26.894512,295.264307
26.897415,295.269092
26.900317,295.276185
26.903220,295.284928
26.906122,295.294793
26.909025,295.305491
26.911927,295.316213
26.914830,295.326651
26.917732,295.336782
26.920635,295.346561
26.923537,295.355829
26.926440,295.364421
26.929342,295.372712
26.932245,295.380124
26.935147,295.387385
26.938050,295.394486
26.940952,295.401762
26.943855,295.409459
26.946757,295.417668
26.949660,295.427624
26.952562,295.438328
26.955465,295.451041
26.958367,295.465026
26.961270,295.480067
26.964172,295.496051
26.967075,295.512581
26.969977,295.529274
26.972880,295.545621
26.975782,295.561518
26.978685,295.576613
26.981587,295.590737
26.984490,295.603965
26.987392,295.616412
26.990295,295.627464
26.993197,295.637906
26.996100,295.646600
26.999002,295.653756
27.001905,295.659287
27.004807,295.662693
27.007710,295.663574
27.010612,295.663338
27.013515,295.659838
27.016417,295.656117
27.019320,295.652204
27.022222,295.648739
27.025125,295.646125
27.028027,295.644367
27.030930,295.644498
27.033832,295.645267
27.036735,295.647707
27.039637,295.651075
27.042540,295.655243
27.045442,295.660218
27.048345,295.665819
27.051247,295.671709
27.054150,295.678138
27.057052,295.684449
27.059955,295.690443
27.062857,295.695711
27.065760,295.700104
27.068662,295.703496
27.071565,295.704517
27.074467,295.704658
27.077370,295.702614
27.080272,295.699534
27.083175,295.695618
27.086077,295.690835
27.088980,295.685357
27.091882,295.679570
27.094785,295.673678
27.097687,295.668219
27.100590,295.663684
27.103492,295.660630
27.106395,295.659189
27.109297,295.659600
27.112200,295.663763
27.115102,295.669468
27.118005,295.679081
27.120907,295.691112
27.123810,295.705656
27.126712,295.723556
27.129615,295.745114
27.132517,295.768407
27.135420,295.798625
27.138322,295.830558
27.141224,295.866371
27.144127,295.906137
27.147029,295.949240
27.149932,295.995632
27.152834,296.046760
27.155737,296.099431
27.158639,296.155059
27.161542,296.210889
27.164444,296.266267
27.167347,296.320204
27.170249,296.371842
27.173152,296.422037
27.176054,296.466249
27.178957,296.508739
27.181859,296.547161
27.184762,296.582057
27.187664,296.614071
27.190567,296.642852
27.193469,296.667198
27.196372,296.689664
27.199274,296.705374
27.202177,296.717865
27.205079,296.726346
27.207982,296.730288
27.210884,296.730355
27.213787,296.727703
27.216689,296.719003
27.219592,296.708463
27.222494,296.693587
27.225397,296.675369
27.228299,296.654227
27.231202,296.630140
27.234104,296.603495
27.237007,296.575952
27.239909,296.550245
27.242812,296.526513
27.245714,296.506357
27.248617,296.490256
27.251519,296.477634
27.254422,296.467873
27.257324,296.462997
27.260227,296.459742
27.263129,296.460577
27.266032,296.464333
27.268934,296.470933
27.271837,296.481000
27.274739,296.494718
27.277642,296.509982
27.280544,296.527633
27.283447,296.544805
27.286349,296.560869
27.289252,296.575086
27.292154,296.587281
27.295057,296.597548
27.297959,296.604826
27.300862,296.611295
27.303764,296.616626
27.306667,296.620995
27.309569,296.624193
27.312472,296.624931
27.315374,296.622189
27.318277,296.617457
27.321179,296.603169
27.324082,296.586320
27.326984,296.563722
27.329887,296.537101
27.332789,296.507938
27.335692,296.477332
27.338594,296.447990
27.341497,296.419900
27.344399,296.399357
27.347302,296.383026
27.350204,296.371906
27.353107,296.366164
27.356009,296.364516
27.358912,296.365402
27.361814,296.370518
27.364717,296.376274
27.367619,296.383305
27.370522,296.390854
27.373424,296.398532
27.376327,296.406172
27.379229,296.413402
27.382132,296.420366
27.385034,296.425847
27.387937,296.429996
27.390839,296.432006
27.393741,296.430901
27.396644,296.426597
27.399546,296.419737
27.402449,296.408558
27.405351,296.396440
27.408254,296.383173
27.411156,296.370046
27.414059,296.357530
27.416961,296.346149
27.419864,296.336428
27.422766,296.327523
27.425669,296.321790
27.428571,296.316946
27.431474,296.313850
27.434376,296.312683
27.437279,296.313182
27.440181,296.315321
27.443084,296.320470
27.445986,296.326744
27.448889,296.336397
27.451791,296.348177
27.454694,296.362409
27.457596,296.379491
27.460499,296.399147
27.463401,296.420330
27.466304,296.445397
27.469206,296.471005
27.472109,296.498040
27.475011,296.525910
27.477914,296.554128
27.480816,296.582044
27.483719,296.608405
27.486621,296.633963
27.489524,296.654717
27.492426,296.672949
27.495329,296.687581
27.498231,296.698342
27.501134,296.706003
27.504036,296.711539
27.506939,296.713162
27.509841,296.714193
27.512744,296.714312
27.515646,296.714143
27.518549,296.713997
27.521451,296.713770
27.524354,296.713233
27.527256,296.712552
27.530159,296.711246
27.533061,296.709843
27.535964,296.708365
27.538866,296.706843
27.541769,296.705327
27.544671,296.703867
27.547574,296.702739
27.550476,296.701906
27.553379,296.702066
27.556281,296.702752
27.559184,296.703755
27.562086,296.704329
27.564989,296.703193
27.567891,296.701316
27.570794,296.695044
27.573696,296.688594
27.576599,296.682148
27.579501,296.677665
27.582404,296.676123
27.585306,296.678103
27.588209,296.687142
27.591111,296.698811
27.594014,296.717006
27.596916,296.737604
27.599819,296.760314
27.602721,296.784592
27.605624,296.809312
27.608526,296.834263
27.611429,296.858639
27.614331,296.882949
27.617234,296.907180
27.620136,296.931297
27.623039,296.955273
27.625941,296.978742
27.628844,297.000761
27.631746,297.022097
27.634649,297.039873
27.637551,297.056050
27.640454,297.070081
27.643356,297.082343
27.646259,297.093712
27.649161,297.104596
27.652063,297.115763
27.654966,297.127140
27.657868,297.139338
27.660771,297.151879
27.663673,297.164588
27.666576,297.176948
27.669478,297.188187
27.672381,297.198926
27.675283,297.204017
27.678186,297.207246
27.681088,297.206587
27.683991,297.202383
27.686893,297.195442
27.689796,297.186118
27.692698,297.174026
27.695601,297.161257
27.698503,297.147756
27.701406,297.134215
27.704308,297.120877
27.707211,297.107727
27.710113,297.094655
27.713016,297.081522
27.715918,297.066686
27.718821,297.051105
27.721723,297.033859
27.724626,297.015054
27.727528,296.994991
27.730431,296.974054
27.733333,296.952931
27.736236,296.931957
27.739138,296.913389
27.742041,296.896925
27.744943,296.883338
27.747846,296.873870
27.750748,296.868856
27.753651,296.866653
27.756553,296.872479
27.759456,296.880284
27.762358,296.892670
27.765261,296.908386
27.768163,296.926552
27.771066,296.947151
27.773968,296.970136
27.776871,296.993988
27.779773,297.018871
27.782676,297.043044
27.785578,297.065862
27.788481,297.086140
27.791383,297.103531
27.794286,297.118259
27.797188,297.126919
27.800091,297.133549
27.802993,297.135029
27.805896,297.134177
27.808798,297.131505
27.811701,297.127396
27.814603,297.122770
27.817506,297.117955
27.820408,297.114242
27.823311,297.110774
27.826213,297.108044
27.829116,297.105862
27.832018,297.104028
27.834921,297.102681
27.837823,297.102330
27.840726,297.102461
27.843628,297.104447
27.846531,297.107214
27.849433,297.110850
27.852336,297.115088
27.855238,297.119454
27.858141,297.123804
27.861043,297.126423
27.863946,297.128169
27.866848,297.127628
27.869751,297.124984
27.872653,297.120412
27.875556,297.113808
27.878458,297.105123
27.881361,297.095680
27.884263,297.085922
27.887166,297.076777
27.890068,297.068816
27.892971,297.062588
27.895873,297.058170
27.898776,297.055189
27.901678,297.055320
27.904580,297.056334
27.907483,297.059516
27.910385,297.064039
27.913288,297.069633
27.916190,297.076268
27.919093,297.083650
27.921995,297.091264
27.924898,297.098403
27.927800,297.104956
27.930703,297.110364
27.933605,297.114736
27.936508,297.118383
27.939410,297.121632
27.942313,297.125307
27.945215,297.129303
27.948118,297.134522
27.951020,297.140276
27.953923,297.146553
27.956825,297.153119
27.959728,297.159605
27.962630,297.166060
27.965533,297.171636
27.968435,297.176955
27.971338,297.181857
27.974240,297.186570
27.977143,297.191232
27.980045,297.195724
27.982948,297.199686
27.985850,297.203227
27.988753,297.204548
27.991655,297.204281
27.994558,297.201774
27.997460,297.196266
28.000363,297.187761
28.003265,297.177022
28.006168,297.159572
28.009070,297.140127
28.011973,297.115523
28.014875,297.086888
28.017778,297.054724
28.020680,297.018631
28.023583,296.978384
28.026485,296.936539
28.029388,296.891047
28.032290,296.845325
28.035193,296.799493
28.038095,296.755166
28.040998,296.713403
28.043900,296.674872
28.046803,296.645664
28.049705,296.620426
28.052608,296.606832
28.055510,296.599994
28.058413,296.600303
28.061315,296.608732
28.064218,296.624163
28.067120,296.643153
28.070023,296.671244
28.072925,296.701101
28.075828,296.734879
28.078730,296.772332
28.081633,296.812748
28.084535,296.855824
28.087438,296.901736
28.090340,296.948587
28.093243,296.996185
28.096145,297.043004
28.099048,297.088238
28.101950,297.130571
28.104853,297.169317
28.107755,297.205136
28.110658,297.231482
28.113560,297.254787
28.116463,297.269955
28.119365,297.279275
28.122268,297.283882
28.125170,297.283259
28.128073,297.276871
28.130975,297.268165
28.133878,297.253584
28.136780,297.237875
28.139683,297.220818
28.142585,297.203169
28.145488,297.185833
28.148390,297.169166
28.151293,297.155418
28.154195,297.142931
28.157098,297.134138
28.160000,297.128112
28.162902,297.124939
28.165805,297.125321
28.168707,297.129394
28.171610,297.135080
28.174512,297.146789
28.177415,297.159466
28.180317,297.174657
28.183220,297.191715
28.186122,297.210013
28.189025,297.229465
28.191927,297.249952
28.194830,297.270854
28.197732,297.291934
28.200635,297.312781
28.203537,297.333275
28.206440,297.353267
28.209342,297.372704
28.212245,297.391768
28.215147,297.409642
28.218050,297.427097
28.220952,297.443301
28.223855,297.458098
28.226757,297.471459
28.229660,297.483071
28.232562,297.492316
28.235465,297.500530
28.238367,297.505285
28.241270,297.508696
28.244172,297.510050
28.247075,297.508983
28.249977,297.505792
28.252880,297.500750
28.255782,297.492566
28.258685,297.483396
28.261587,297.472019
28.264490,297.459712
28.267392,297.446692
28.270295,297.432889
28.273197,297.418392
28.276100,297.403454
28.279002,297.386933
28.281905,297.370187
28.284807,297.352789
28.287710,297.334976
28.290612,297.316973
28.293515,297.299165
28.296417,297.282347
28.299320,297.266049
28.302222,297.252991
28.305125,297.241785
28.308027,297.233174
28.310930,297.227581
28.313832,297.224681
28.316735,297.223865
28.319637,297.226554
28.322540,297.230060
28.325442,297.235103
28.328345,297.240821
28.331247,297.246921
28.334150,297.253277
28.337052,297.259567
28.339955,297.265744
28.342857,297.271531
28.345760,297.277347
28.348662,297.283389
28.351565,297.290004
28.354467,297.297331
28.357370,297.305414
28.360272,297.315240
28.363175,297.325797
28.366077,297.338208
28.368980,297.351369
28.371882,297.365161
28.374785,297.379535
28.377687,297.394233
28.380590,297.409006
28.383492,297.423835
28.386395,297.438489
28.389297,297.452695
28.392200,297.465795
28.395102,297.477557
28.398005,297.487584
28.400907,297.494353
28.403810,297.499801
28.406712,297.501048
28.409615,297.501095
28.412517,297.499811
28.415420,297.497784
28.418322,297.495781
28.421224,297.493860
28.424127,297.492862
28.427029,297.491791
28.429932,297.490471
28.432834,297.488233
28.435737,297.484726
28.438639,297.479459
28.441542,297.471880
28.444444,297.463371
28.447347,297.452888
28.450249,297.442705
28.453152,297.433332
28.456054,297.425527
28.458957,297.419543
28.461859,297.415183
28.464762,297.413791
28.467664,297.413065
28.470567,297.413426
28.473469,297.414013
28.476372,297.414539
28.479274,297.414934
28.482177,297.415161
28.485079,297.415344
28.487982,297.416079
28.490884,297.417125
28.493787,297.418855
28.496689,297.421209
28.499592,297.424019
28.502494,297.427025
28.505397,297.429724
28.508299,297.432093
28.511202,297.432512
28.514104,297.431671
28.517007,297.429228
28.519909,297.425369
28.522812,297.420687
28.525714,297.415667
28.528617,297.412060
28.531519,297.409053
28.534422,297.407830
28.537324,297.407640
28.540227,297.408160
28.543129,297.408984
28.546032,297.409235
28.548934,297.409182
28.551837,297.406111
28.554739,297.401962
28.557642,297.395934
28.560544,297.388705
28.563447,297.381071
28.566349,297.373384
28.569252,297.366809
28.572154,297.360809
28.575057,297.356805
28.577959,297.354068
28.580862,297.352654
28.583764,297.352993
28.586667,297.355199
28.589569,297.358395
28.592472,297.364924
28.595374,297.371666
28.598277,297.378724
28.601179,297.384827
28.604082,297.389386
28.606984,297.391913
28.609887,297.390568
28.612789,297.387778
28.615692,297.381011
28.618594,297.373249
28.621497,297.364513
28.624399,297.355527
28.627302,297.347112
28.630204,297.339349
28.633107,297.334798
28.636009,297.331377
28.638912,297.330975
28.641814,297.332316
28.644717,297.334994
28.647619,297.338622
28.650522,297.342303
28.653424,297.345962
28.656327,297.347644
28.659229,297.348803
28.662132,297.348940
28.665034,297.348176
28.667937,297.346740
28.670839,297.344644
28.673741,297.341705
28.676644,297.338595
28.679546,297.335691
28.682449,297.333378
28.685351,297.332103
28.688254,297.332280
28.691156,297.333917
28.694059,297.336513
28.696961,297.340494
28.699864,297.344305
28.702766,297.347276
28.705669,297.349389
28.708571,297.350638
28.711474,297.351253
28.714376,297.351840
28.717279,297.352546
28.720181,297.355456
28.723084,297.359256
28.725986,297.364349
28.728889,297.370260
28.731791,297.376327
28.734694,297.382299
28.737596,297.387134
28.740499,297.391942
28.743401,297.397043
28.746304,297.403361
28.749206,297.411399
28.752109,297.421893
28.755011,297.435405
28.757914,297.450326
28.760816,297.468504
28.763719,297.486351
28.766621,297.503288
28.769524,297.517806
28.772426,297.529278
28.775329,297.537428
28.778231,297.538480
28.781134,297.537118
28.784036,297.530276
28.786939,297.521373
28.789841,297.510897
28.792744,297.499911
28.795646,297.489944
28.798549,297.480826
28.801451,297.477391
28.804354,297.475576
28.807256,297.477848
28.810159,297.482577
28.813061,297.488921
28.815964,297.496361
28.818866,297.503814
28.821769,297.511248
28.824671,297.517610
28.827574,297.523662
28.830476,297.529030
28.833379,297.533651
28.836281,297.537620
28.839184,297.540806
28.842086,297.542369
28.844989,297.543208
28.847891,297.541881
28.850794,297.539912
28.853696,297.537519
28.856599,297.535531
28.859501,297.534857
28.862404,297.535161
28.865306,297.539995
28.868209,297.545747
28.871111,297.553436
28.874014,297.561409
28.876916,297.568797
28.879819,297.574741
28.882721,297.577472
28.885624,297.578785
28.888526,297.574700
28.891429,297.569016
28.894331,297.561211
28.897234,297.551558
28.900136,297.540791
28.903039,297.529338
28.905941,297.517741
28.908844,297.506604
28.911746,297.497087
28.914649,297.489366
28.917551,297.483758
28.920454,297.481325
28.923356,297.482893
28.926259,297.486187
28.929161,297.495102
28.932063,297.504394
28.934966,297.514508
28.937868,297.524060
28.940771,297.532190
28.943673,297.538096
28.946576,297.539332
28.949478,297.538748
28.952381,297.531666
28.955283,297.522622
28.958186,297.511187
28.961088,297.498414
28.963991,297.485578
28.966893,297.472908
28.969796,297.461976
28.972698,297.451535
28.975601,297.442278
28.978503,297.433283
28.981406,297.424284
28.984308,297.415280
28.987211,297.406212
28.990113,297.397162
28.993016,297.390046
28.995918,297.384227
28.998821,297.380890
29.001723,297.380186
29.004626,297.381682
29.007528,297.385144
29.010431,297.391406
29.013333,297.398586
29.016236,297.407775
29.019138,297.417922
29.022041,297.428985
29.024943,297.440882
29.027846,297.453258
29.030748,297.465746
29.033651,297.476034
29.036553,297.485276
29.039456,297.491953
29.042358,297.496382
29.045261,297.499064
29.048163,297.500292
29.051066,297.500487
29.053968,297.500460
29.056871,297.500719
29.059773,297.501203
29.062676,297.502091
29.065578,297.503190
29.068481,297.504222
29.071383,297.504985
29.074286,297.503901
29.077188,297.502089
29.080091,297.498015
29.082993,297.492557
29.085896,297.485905
29.088798,297.478221
29.091701,297.469997
29.094603,297.461567
29.097506,297.454029
29.100408,297.447237
29.103311,297.442300
29.106213,297.439744
29.109116,297.439596
29.112018,297.442020
29.114921,297.447778
29.117823,297.454647
29.120726,297.463746
29.123628,297.473197
29.126531,297.482814
29.129433,297.492484
29.132336,297.502072
29.135238,297.511590
29.138141,297.521300
29.141043,297.530993
29.143946,297.540689
29.146848,297.550085
29.149751,297.559060
29.152653,297.567326
29.155556,297.574542
29.158458,297.581309
29.161361,297.585021
29.164263,297.587567
29.167166,297.587463
29.170068,297.584276
29.172971,297.578231
29.175873,297.569011
29.178776,297.554636
29.181678,297.538372
29.184580,297.517787
29.187483,297.495765
29.190385,297.472334
29.193288,297.447922
29.196190,297.423310
29.199093,297.398795
29.201995,297.377094
29.204898,297.357248
29.207800,297.342632
29.210703,297.333860
29.213605,297.331222
29.216508,297.336594
29.219410,297.352253
29.222313,297.372269
29.225215,297.410526
29.228118,297.454756
29.231020,297.509788
29.233923,297.576473
29.236825,297.653053
29.239728,297.739521
29.242630,297.843432
29.245533,297.954216
29.248435,298.084846
29.251338,298.226874
29.254240,298.381590
29.257143,298.549373
29.260045,298.726993
29.262948,298.910310
29.265850,299.100584
29.268753,299.289768
29.271655,299.473886
29.274558,299.650479
29.277460,299.818148
29.280363,299.973520
29.283265,300.113827
29.286168,300.247198
29.289070,300.343380
29.291973,300.429703
29.294875,300.489955
29.297778,300.526661
29.300680,300.542280
29.303583,300.534213
29.306485,300.500827
29.309388,300.458010
29.312290,300.391003
29.315193,300.324855
29.318095,300.261101
29.320998,300.205627
29.323900,300.161019
29.326803,300.127877
29.329705,300.108929
29.332608,300.095248
29.335510,300.090434
29.338413,300.087089
29.341315,300.086151
29.344218,0.000000
29.347120,0.000000
29.350023,0.000000
29.352925,0.000000
